3038	3038	0
2830	40	76
2830	77	86
2830	114	75
2831	155	24
2830	194	94
2831	231	16
2831	269	58
2831	309	66
2830	347	13
2830	384	50
2792	35	80
2792	75	35
2790	115	49
2792	153	37
2791	191	36
2791	231	25
2790	271	95
2791	306	32
2791	345	44
2792	384	18
2800	460	36
2801	499	32
2801	538	38
2800	578	22
2802	620	97
2800	654	50
2800	694	37
2802	732	22
2800	772	41
2800	810	14
2762	459	97
2761	497	98
2761	540	51
2761	578	43
2762	591	59
2763	656	44
2762	694	23
2761	731	97
2762	770	77
2761	808	51
2801	946	3
2803	1034	55
2723	943	81
2724	1029	23
2702	1003	40
2800	1098	70
2799	1137	84
2831	1158	24
2801	1178	81
2800	1216	31
2829	1237	92
2801	1254	24
2800	1292	32
2800	1331	83
2801	1370	90
2799	1409	36
2804	1450	77
2759	1098	36
2762	1138	52
2762	1178	81
2761	1213	11
2763	1255	11
2761	1293	33
2763	1330	77
2761	1369	51
2759	1411	38
2761	1446	38
2762	617	4
2801	1507	96
2800	1548	69
2801	1581	74
2801	1619	38
2799	1656	86
2800	1698	21
2800	1738	50
2800	1781	100
2799	1820	7
2800	1856	84
2760	1506	6
2760	1543	9
2763	1586	59
2761	1621	78
2761	1659	38
2761	1698	33
2762	1737	75
2761	1775	72
2762	1821	80
2762	1853	58
2800	2067	81
2798	2102	67
2799	2143	94
2801	2183	6
2800	2221	54
2801	2262	63
2800	2299	77
2800	2337	31
2801	2376	51
2800	2414	51
2760	2066	36
2760	2105	34
2761	2144	72
2761	2184	64
2763	2222	53
2760	2259	21
2761	2297	73
2760	2338	22
2761	2372	69
2800	2411	36
2800	2491	53
2772	2512	20
2732	2491	94
2788	2167	88
2762	2676	70
2732	2618	34
2761	2903	4
2761	2983	85
2799	3041	11
2800	3083	49
2799	3117	6
2799	3085	53
2799	3195	43
2798	3234	77
2799	3274	16
2798	3312	80
2798	3350	45
2797	3389	99
2799	3427	32
2800	3464	100
2864	3474	55
2865	3515	70
2798	3563	43
2798	3796	84
2797	3794	24
2698	39	64
2697	116	46
2716	191	49
2696	540	25
2704	1437	63
2704	1583	27
2703	1680	94
2694	2221	98
2704	2317	47
2714	2345	90
2733	2374	96
2720	3100	70
2721	3147	54
2752	3198	59
2712	3194	0
2683	3196	68
2642	3195	100
2763	3292	50
2761	3332	51
2761	3369	73
2760	3409	46
2732	3467	41
2701	3621	53
2699	3852	21
2781	3940	0
2701	3940	89
2623	3945	8
2621	-5	60
2744	18	36
2649	25	2
2609	48	81
2659	94	81
2658	134	78
2659	171	6
2658	208	41
2657	248	31
2660	285	24
2659	325	58
2659	368	83
2545	92	75
2543	131	89
2543	170	54
2541	212	74
2538	248	100
2544	288	48
2541	246	75
2541	362	53
2571	270	98
2571	325	100
2485	36	86
2524	54	38
2494	249	46
2590	393	75
2641	411	90
2659	441	22
2660	500	21
2660	538	24
2658	577	34
2659	618	9
2660	656	3
2661	701	50
2658	733	76
2659	772	43
2582	439	77
2592	521	13
2581	770	54
2543	497	10
2542	536	66
2543	579	38
2542	615	28
2542	657	48
2543	691	51
2543	734	49
2541	771	38
2542	808	52
2543	847	64
2540	877	68
2617	847	68
2620	916	87
2570	1004	59
2529	1003	56
2656	1042	47
2658	1082	74
2656	1118	66
2657	1159	8
2656	1200	31
2657	1236	12
2657	1272	98
2657	1314	11
2616	1137	22
2617	1195	57
2624	1273	48
2598	1314	55
2558	1214	15
2542	1040	67
2540	1079	66
2541	1121	78
2540	1156	16
2539	1195	18
2539	1231	30
2540	1272	32
2540	1311	76
2501	1342	70
2540	1358	2
2540	1398	53
2512	1436	61
2628	1435	22
2643	1484	83
2667	1524	61
2666	1560	69
2665	1601	5
2667	1640	1
2665	1679	89
2665	1728	74
2666	1755	28
2666	1794	38
2665	1836	41
2667	1873	99
2646	1486	47
2617	1525	100
2628	1715	12
2618	1756	6
2548	1524	64
2550	1561	37
2552	1600	35
2550	1640	17
2550	1677	70
2551	1717	100
2551	1756	91
2551	1798	97
2549	1832	84
2550	1874	89
2579	1893	70
2665	1935	18
2647	1991	91
2667	2025	44
2667	2064	25
2667	2104	10
2665	2139	83
2666	2178	8
2665	2220	27
2665	2254	46
2548	2258	59
2549	2218	11
2549	2180	53
2550	2141	78
2549	2103	100
2548	2064	32
2548	2025	39
2538	1987	9
2590	2333	76
2666	2328	11
2667	2394	52
2667	2432	32
2666	2470	86
2666	2508	9
2665	2550	84
2665	2586	85
2666	2626	30
2549	2393	23
2548	2431	17
2549	2473	38
2548	2512	82
2546	2548	15
2550	2591	9
2548	2627	61
2687	2716	97
2686	2868	98
2647	2711	52
2645	2866	8
2643	2906	52
2645	2984	97
2604	2905	86
2605	3109	4
2605	3136	21
2606	3290	24
2606	3333	72
2606	3368	90
2604	3410	79
2568	3037	45
2568	3079	69
2568	3119	100
2567	3157	12
2566	3195	78
2567	3234	7
2568	3274	54
2566	3310	66
2568	3350	25
2566	3386	13
2567	3428	48
2568	3466	65
2352	89	45
2348	125	58
2349	168	76
2349	208	59
2350	244	77
2349	286	77
2350	322	2
2400	333	99
2466	323	70
2406	207	63
2378	168	13
2417	130	29
2397	70	6
2468	283	2
2467	242	60
2494	245	11
2467	208	93
2462	168	30
2465	129	85
2465	90	50
2421	383	95
2377	449	20
2458	392	87
2468	467	34
2507	561	13
2351	534	10
2352	574	86
2350	614	85
2350	652	19
2352	691	56
2350	727	44
2351	768	5
2467	765	22
2466	729	26
2466	692	14
2466	649	81
2466	613	13
2466	574	57
2467	540	15
2513	572	46
2350	827	31
2418	836	53
2438	875	70
2475	833	96
2495	941	76
2388	942	69
2348	940	90
2475	1008	91
2466	1038	78
2351	1040	47
2350	1075	45
2349	1114	86
2347	1152	55
2349	1192	10
2349	1232	16
2348	1270	39
2348	1307	74
2388	1209	14
2408	1116	90
2468	1310	48
2466	1269	74
2465	1232	1
2484	1212	0
2465	1190	36
2465	1158	11
2462	1112	98
2466	1075	24
2367	1354	40
2380	1433	7
2338	1452	15
2415	1482	44
2436	1431	75
2425	1394	28
2426	1358	94
2465	1471	17
2473	1373	16
2321	1522	98
2320	1557	80
2320	1598	82
2318	1638	74
2320	1673	76
2321	1717	19
2322	1755	100
2321	1794	89
2321	1832	21
2322	1872	64
2349	1831	30
2377	1870	44
2378	1830	42
2378	1789	11
2378	1752	13
2378	1714	42
2377	1679	8
2376	1637	84
2378	1597	29
2378	1558	77
2380	1524	68
2525	1880	87
2493	1868	100
2495	1830	90
2493	1791	59
2492	1753	64
2493	1714	11
2491	1676	14
2492	1634	80
2493	1601	12
2494	1559	93
2494	1349	64
2378	2022	75
2379	2059	53
2377	2099	68
2379	2137	43
2377	2177	27
2379	2218	48
2379	2254	19
2454	2041	91
2474	1953	87
2495	2288	75
2493	2255	60
2494	2218	74
2491	2176	82
2492	2138	94
2493	2100	83
2493	2061	86
2495	2022	52
2377	2388	49
2378	2425	89
2377	2468	87
2376	2501	91
2377	2547	48
2379	2586	57
2378	2624	73
2378	2663	6
2406	2428	7
2437	2505	97
2448	2624	67
2495	2665	41
2495	2623	67
2495	2585	51
2493	2547	39
2493	2506	57
2495	2468	11
2494	2429	68
2494	2391	49
2379	2749	88
2377	2786	79
2377	2825	13
2375	2865	74
2378	2903	39
2376	2943	17
2377	2981	29
2446	2769	10
2436	2729	20
2529	2979	48
2515	3013	56
2494	2982	88
2491	2942	91
2491	2902	53
2492	2865	69
2492	2825	41
2493	2786	60
2493	2748	92
2531	2827	45
2531	2787	58
2530	2710	61
2376	3057	55
2376	3095	97
2376	3136	53
2378	3175	36
2377	3212	53
2377	3251	66
2375	3288	47
2377	3328	90
2378	3368	50
2376	3408	63
2424	3426	52
2454	3444	54
2494	3403	20
2495	3368	93
2493	3326	46
2492	3286	81
2493	3248	40
2493	3210	57
2493	3170	59
2492	3127	43
2494	3095	35
2495	3059	49
2390	3550	44
2385	3695	84
2504	3813	97
2268	3813	70
2150	91	54
2150	129	72
2149	165	74
2147	209	32
2149	244	31
2147	282	81
2149	323	66
2179	243	97
2191	66	49
2228	76	22
2227	108	45
2218	303	69
2240	341	99
2267	325	85
2268	282	59
2326	306	51
2267	243	3
2302	223	0
2265	203	56
2305	188	99
2264	167	39
2267	127	34
2265	87	13
2303	72	78
2111	428	10
2111	466	20
2187	426	63
2246	486	96
2266	464	68
2317	468	37
2229	406	99
2150	534	64
2149	573	0
2147	611	71
2144	651	99
2150	691	78
2148	728	61
2148	848	70
2128	807	21
2178	611	23
2188	642	65
2225	515	85
2225	555	25
2233	728	8
2303	767	87
2267	767	58
2266	730	28
2303	709	8
2265	689	80
2312	650	6
2266	651	90
2267	615	15
2262	571	88
2266	534	12
2130	803	3
2167	848	71
2245	843	75
2286	885	96
2167	921	14
2136	939	17
2149	1031	89
2148	1063	68
2147	1107	36
2149	1143	59
2145	1183	38
2146	1219	75
2146	1261	14
2148	1300	68
2148	1333	63
2146	1377	28
2195	1378	21
2193	1221	38
2206	1181	29
2186	1142	22
2206	1106	22
2224	1066	4
2265	1375	16
2265	1339	100
2261	1296	68
2263	1260	58
2264	1220	81
2291	1221	55
2263	1182	42
2281	1164	13
2264	1143	49
2263	1104	55
2261	1065	5
2261	1026	91
2253	1463	72
2173	1462	70
2146	1520	81
2145	1558	27
2147	1597	84
2146	1635	9
2144	1677	80
2147	1716	96
2145	1753	85
2144	1793	65
2147	1831	43
2146	1870	41
2204	1868	9
2206	1830	29
2205	1789	16
2206	1753	65
2205	1714	1
2202	1673	45
2204	1635	87
2204	1596	32
2203	1557	93
2203	1521	47
2251	1813	42
2240	1558	3
2252	1521	59
2308	1966	64
2310	1927	4
2261	1922	93
2194	1921	47
2134	1951	34
2148	2080	79
2146	2122	78
2143	2161	4
2144	2200	70
2148	2240	99
2146	2278	59
2145	2316	7
2145	2354	40
2146	2393	49
2146	2434	21
2186	2136	5
2244	2450	3
2204	2430	30
2203	2391	66
2204	2273	78
2205	2314	49
2199	2273	74
2204	2239	77
2230	2254	77
2205	2197	93
2203	2158	27
2205	2602	67
2205	2083	31
2241	2062	40
2204	2043	77
2203	2014	97
2254	2026	93
2328	2024	36
2319	2080	26
2319	2122	1
2318	2165	97
2287	2169	30
2319	2202	80
2290	2230	92
2319	2238	52
2319	2277	52
2291	2297	95
2320	2316	6
2321	2355	55
2319	2396	27
2319	2430	37
2348	2396	60
2167	2537	92
2164	2576	50
2163	2624	95
2136	2641	89
2115	2584	11
2107	2661	18
2106	2701	42
2107	2740	77
2105	2775	23
2106	2819	37
2104	2855	25
2105	2894	11
2105	2933	61
2106	2992	56
2175	3029	71
2222	2990	39
2187	2932	43
2183	2893	1
2185	2853	6
2209	2813	32
2186	2814	21
2182	2778	91
2185	2738	93
2184	2700	37
2183	2661	63
2212	2699	80
2252	2739	5
2300	2991	6
2300	2964	69
2301	2933	65
2301	2896	78
2298	2854	66
2299	2816	74
2297	2776	97
2296	2738	72
2299	2700	49
2300	2660	91
2337	2703	29
2336	2663	37
2338	2620	83
2290	2585	84
2106	3087	25
2075	3104	31
2108	3123	9
2107	3165	31
2105	3201	64
2107	3242	60
2106	3277	100
2103	3318	53
2106	3359	31
2106	3416	99
2185	3356	52
2185	3319	97
2184	3277	34
2181	3242	82
2184	3201	90
2184	3163	15
2183	3122	82
2182	3081	11
2222	3222	15
2279	3184	100
2328	3077	75
2298	3084	22
2299	3125	73
2298	3165	78
2296	3205	28
2299	3239	76
2295	3280	16
2300	3324	76
2299	3355	80
2339	3260	27
2327	3416	53
2062	3604	21
2106	3606	22
2167	3618	68
2106	3643	27
2104	3684	88
2105	3723	62
2105	3764	55
2103	3801	61
2106	3841	95
2106	3884	37
2166	3850	12
2096	71	6
2097	227	96
2058	86	21
2061	131	32
2060	170	98
2058	209	74
2058	248	57
2057	285	77
2058	328	30
1991	187	59
1979	325	77
1937	53	6
1942	90	74
1944	130	69
1943	167	4
1942	209	93
1941	246	36
1941	285	40
1939	325	94
2037	410	9
2010	488	2
2062	538	35
2060	574	41
2059	615	53
2059	651	41
2060	691	69
2059	732	58
2059	772	74
2050	812	10
1989	733	98
1990	576	76
1941	536	7
1942	572	84
1944	614	38
1943	654	51
1943	693	93
1943	729	93
1941	771	57
1951	896	89
2058	981	38
2070	1031	26
2069	1069	48
2067	1107	72
2068	1142	49
2068	1182	100
2068	1223	76
2068	1259	35
2074	1299	83
2107	1327	27
2067	1365	72
2028	1318	54
2038	1281	84
2021	1243	3
2000	1205	27
1951	1257	38
1950	1223	38
1951	1183	66
1951	1146	3
1950	1111	32
1950	1068	10
1954	1028	4
1954	972	25
1951	893	10
1971	1087	89
2009	1032	8
1893	1348	27
1912	1409	77
1941	1427	30
2009	1433	19
2000	1387	77
2028	1526	94
2029	1561	16
2029	1599	74
2029	1638	29
2029	1680	55
2028	1719	48
2029	1755	88
2028	1795	58
2028	1833	83
2029	1872	50
2076	1813	13
2097	1853	58
2048	1950	94
2018	1930	10
1971	1521	42
1971	1560	8
1971	1600	7
1970	1643	97
1969	1677	2
1971	1717	100
1970	1754	47
1969	1795	93
1967	1351	48
1969	1871	70
2065	2026	78
2107	2095	76
2085	2141	11
2095	2229	58
2112	2317	77
2009	2024	14
2030	2084	9
2029	2123	13
2029	2162	32
2028	2202	35
2028	2239	38
2029	2275	100
2027	2317	82
2027	2354	43
2027	2393	18
2028	2433	84
1971	2082	93
1970	2120	79
1970	2161	63
1972	2201	42
1970	2239	21
1969	2278	14
1971	2317	34
1970	2355	68
1970	2392	55
1969	2433	31
1970	2469	29
1949	2553	70
2009	2576	49
2009	2622	82
2029	2665	38
1982	2663	92
1986	2707	96
1988	2743	1
1988	2777	72
1989	2818	34
1988	2857	75
1988	2893	69
1988	2934	42
1912	2664	6
1912	2703	44
1911	2738	45
1911	2779	89
1913	2817	96
1911	2858	86
1912	2895	89
1910	2932	65
2026	2992	25
1929	3049	51
1990	3088	91
1990	3125	63
1989	3165	56
1988	3203	89
1990	3244	88
1986	3280	78
1989	3317	58
1989	3357	29
1989	3419	26
2036	3318	13
2045	3389	32
1911	3416	18
1909	3357	5
1911	3318	43
1911	3278	47
1911	3240	6
1911	3201	86
1910	3165	69
1912	3124	55
1912	3086	56
1930	3049	2
2028	2992	67
1988	3606	23
1988	3646	89
1989	3685	59
1986	3724	21
1986	3766	47
1987	3803	52
1986	3841	23
1984	3880	95
2015	3802	4
2036	3841	82
2015	3881	98
1949	3605	1
1949	3647	95
1949	3811	68
1949	3888	8
1890	3540	58
1911	3570	42
1911	3608	35
1910	3649	31
1910	3686	28
1911	3726	10
1911	3760	34
1911	3802	49
1911	3841	81
1911	3880	11
1893	3820	92
1870	3782	12
1884	90	94
1886	245	28
1896	365	65
1846	91	69
1848	132	88
1846	168	39
1848	211	46
1848	249	34
1848	286	25
1850	327	68
1789	73	68
1781	128	66
1809	182	55
1819	214	38
1770	360	48
1761	449	36
1808	453	31
1837	438	27
1903	516	8
1857	540	100
1855	576	65
1855	615	52
1854	652	33
1886	697	30
1859	694	49
1856	734	85
1825	731	79
1856	770	63
1913	770	83
1894	829	48
1845	826	56
1847	904	47
1863	981	45
1866	1020	38
1866	1055	63
1866	1099	59
1865	1137	56
1868	1174	51
1866	1215	15
1866	1251	93
1866	1292	91
1863	1329	16
1864	1369	22
1862	1402	71
1836	1214	57
1749	979	32
1749	1018	84
1750	1059	1
1749	1098	31
1749	1138	23
1748	1175	78
1748	1213	56
1750	1250	28
1749	1293	99
1717	1291	43
1749	1330	79
1750	1371	36
1751	1409	73
1697	1389	24
1920	1563	93
1933	1642	70
1892	1636	29
1913	1787	23
1854	1523	4
1856	1562	31
1855	1600	63
1853	1641	34
1855	1678	84
1855	1717	45
1856	1756	23
1855	1794	67
1852	1834	62
1853	1952	81
1930	2024	42
1929	2236	64
1942	2277	81
1921	2314	96
1923	2382	65
1932	2430	54
1884	2451	52
1853	2023	99
1855	2083	54
1856	2123	42
1854	2160	42
1854	2201	11
1855	2236	70
1853	2277	64
1856	2317	30
1855	2356	78
1855	2394	31
1852	2431	4
1911	2528	77
1871	2526	71
1854	2645	7
1851	2990	49
1832	3298	13
1832	3339	58
1692	32	44
1732	91	37
1733	127	5
1710	233	40
1735	170	6
1731	209	5
1731	251	25
1731	288	76
1731	325	50
1681	213	85
1682	249	5
1645	91	1
1645	129	18
1643	167	71
1642	208	5
1643	249	77
1643	285	47
1641	322	21
1732	449	65
1652	450	47
1736	537	48
1741	575	7
1741	614	29
1741	658	56
1710	655	19
1740	692	8
1741	730	83
1742	766	25
1651	534	51
1652	575	43
1652	614	97
1651	653	37
1653	692	90
1654	730	48
1651	770	28
1650	856	67
1785	2005	78
1788	2045	47
1787	2085	85
1788	2120	83
1788	2160	100
1786	2200	39
1786	2238	45
1787	2274	19
1787	2316	58
1758	2317	77
1788	2355	79
1757	2374	51
1789	2368	31
1785	2431	15
1777	2471	19
1727	1947	8
1730	1986	1
1706	2082	86
1709	2429	29
1668	2003	71
1668	2044	56
1668	2083	18
1669	2121	37
1669	2161	16
1670	2200	72
1670	2237	78
1669	2274	31
1669	2317	23
1669	2356	22
1669	2391	46
1666	2430	96
1797	2529	76
1745	2568	57
1680	2515	35
1630	2530	8
1796	2665	45
1795	2703	99
1798	2742	41
1797	2778	32
1796	2816	50
1797	2857	79
1795	2892	24
1797	2934	100
1736	2719	2
1739	2779	7
1728	2859	38
1729	2913	45
1736	2963	36
1697	2664	87
1699	2702	96
1701	2742	8
1699	2778	47
1699	2816	34
1699	2856	80
1698	2894	80
1695	2937	39
1795	3088	60
1795	3129	86
1797	3163	39
1797	3203	50
1796	3243	0
1795	3277	71
1795	3320	21
1796	3358	89
1717	3020	28
1739	3184	30
1696	3041	59
1699	3069	63
1700	3109	33
1700	3143	2
1699	3183	13
1701	3223	36
1699	3260	52
1678	3280	26
1700	3302	30
1701	3339	44
1698	3379	32
1697	3418	63
1794	3571	39
1795	3609	81
1796	3647	86
1795	3686	15
1795	3726	56
1795	3764	0
1794	3802	39
1795	3840	86
1796	3881	29
1697	3568	90
1698	3605	2
1698	3649	21
1698	3685	98
1699	3723	50
1696	3765	92
1699	3798	59
1697	3847	7
1695	3877	43
1705	3918	25
1443	88	53
1442	127	37
1440	167	32
1441	204	5
1442	242	62
1442	282	57
1440	321	10
1482	302	80
1480	262	66
1481	223	7
1477	68	40
1529	86	43
1528	126	98
1531	167	43
1526	204	28
1530	245	21
1528	283	87
1530	323	13
1548	366	54
1564	331	90
1415	458	6
1402	574	22
1412	610	39
1453	455	97
1452	492	15
1452	534	0
1453	572	62
1451	612	98
1451	652	35
1454	687	67
1453	731	60
1451	765	56
1452	805	48
1452	844	36
1452	880	72
1542	891	56
1537	809	40
1540	767	100
1542	727	65
1615	765	69
1576	708	39
1539	689	34
1533	647	36
1540	610	11
1539	573	97
1538	534	75
1518	455	74
1412	1054	20
1432	1073	96
1452	1056	41
1449	1093	96
1450	1132	71
1449	1172	34
1454	1210	14
1452	1252	55
1452	1289	75
1451	1324	100
1450	1366	29
1452	1406	12
1509	1206	12
1529	1291	13
1570	1055	72
1570	1092	14
1567	1131	77
1567	1171	49
1566	1209	33
1567	1251	85
1566	1290	51
1567	1322	80
1565	1370	84
1567	1405	31
1586	1232	76
1605	1190	2
1663	1171	29
1660	1089	71
1663	1056	7
1598	1995	95
1490	2080	58
1490	2121	13
1487	2157	97
1487	2198	30
1489	2235	43
1487	2274	88
1489	2314	32
1487	2351	46
1492	2393	18
1488	2429	43
1517	2196	65
1557	2215	28
1556	2078	62
1602	2079	28
1604	2118	25
1604	2074	65
1605	2199	38
1601	2237	97
1604	2272	10
1603	2316	94
1604	2355	68
1604	2391	78
1603	2427	40
1477	2491	44
1458	2546	24
1468	2613	79
1494	2552	97
1548	2553	36
1594	2544	91
1605	2494	33
1488	2659	14
1486	2703	89
1488	2735	29
1488	2776	83
1457	2775	87
1489	2813	11
1488	2855	98
1457	2890	5
1488	2893	32
1487	2932	20
1544	2775	13
1547	2699	18
1535	2668	3
1583	2660	41
1585	2701	86
1585	2738	70
1584	2777	63
1586	2815	26
1581	2852	9
1586	2894	98
1583	2933	25
1485	3010	3
1439	3046	41
1448	3124	76
1488	3085	37
1493	3124	69
1489	3162	32
1485	3201	60
1492	3244	13
1487	3279	48
1490	3316	36
1488	3357	77
1583	3065	38
1624	3107	59
1588	3102	90
1585	3146	85
1583	3182	97
1601	3205	77
1584	3223	53
1584	3258	61
1584	3300	90
1586	3341	22
1582	3373	66
1584	3417	99
1613	3420	49
1632	3435	17
1640	3473	36
1671	3463	52
1499	3493	89
1487	3528	37
1488	3570	24
1486	3596	86
1487	3643	76
1487	3685	60
1487	3722	61
1488	3763	63
1487	3800	9
1488	3841	34
1488	3878	84
1547	3703	14
1543	3742	94
1582	3572	73
1583	3604	59
1584	3648	50
1584	3686	19
1580	3722	38
1584	3764	90
1583	3801	24
1584	3842	39
1586	3878	23
1624	3861	13
1633	3901	63
1661	3889	53
1622	3648	56
1631	3607	99
1651	3568	77
1187	114	0
1225	83	81
1253	91	35
1283	86	62
1251	128	87
1249	163	93
1252	206	93
1230	225	6
1250	245	90
1287	243	27
1254	283	95
1254	324	100
1292	324	30
1319	48	64
1329	83	78
1327	126	93
1329	166	92
1329	204	14
1330	244	16
1329	284	79
1329	321	70
1396	68	76
1417	128	57
1415	167	68
1405	211	12
1366	265	15
1376	333	54
1415	327	100
1260	533	68
1260	571	81
1258	610	97
1259	648	13
1257	689	28
1259	727	67
1259	765	79
1258	804	45
1258	864	19
1297	611	98
1298	574	90
1298	531	86
1339	453	74
1337	493	59
1334	533	69
1335	573	63
1336	612	31
1336	650	23
1336	689	45
1337	733	51
1336	768	93
1335	803	0
1335	844	91
1333	885	81
1384	806	35
1279	990	50
1279	1062	44
1236	1135	46
1239	1174	95
1238	1210	1
1239	1250	74
1239	1288	40
1239	1329	90
1238	1364	28
1238	1408	41
1208	1406	78
1238	1444	62
1277	1193	30
1315	1152	8
1296	1319	85
1357	1068	67
1356	1130	14
1356	1172	65
1401	976	51
1395	1192	75
1359	1214	88
1375	1231	60
1357	1251	76
1354	1288	91
1353	1326	86
1357	1368	3
1356	1406	93
1051	88	50
1047	125	89
1049	170	63
1044	206	69
1046	246	32
1048	280	17
1046	322	22
1099	334	45
1106	127	19
1096	95	30
1136	86	21
1134	128	6
1132	162	46
1134	204	29
1135	247	32
1135	280	66
1136	322	44
1153	387	59
1182	339	16
1232	395	94
1036	456	86
1090	425	3
1162	465	35
1233	507	98
1047	534	92
1049	572	88
1045	608	99
1046	650	50
1046	689	19
1046	730	80
1044	763	85
1048	805	87
1047	847	48
1047	887	34
1105	805	42
1092	764	89
1074	727	28
1087	613	27
1086	533	6
1128	633	4
1142	529	70
1144	573	11
1142	610	84
1143	650	64
1146	690	79
1142	729	94
1141	768	55
1142	804	31
1185	592	14
1221	648	93
1218	861	95
1183	863	96
1094	900	93
1085	928	36
1029	942	68
1027	998	49
1144	1009	20
1174	996	16
1202	1000	66
1174	942	56
998	1066	95
998	1104	31
995	1145	74
999	1181	20
997	1222	1
996	1261	64
997	1298	78
998	1339	36
996	1393	71
1055	1431	7
1093	1452	54
1095	1424	71
1055	1400	32
1054	1363	66
1083	1384	46
1094	1355	89
1053	1325	81
1053	1284	67
1056	1249	94
1058	1210	17
1057	1172	85
1058	1136	9
1059	1092	13
1048	1056	86
1078	1154	10
1102	1171	100
1171	1055	0
1173	1093	91
1172	1135	39
1137	1134	5
1174	1179	92
1172	1212	13
1170	1251	2
1152	1270	35
1172	1292	8
1172	1330	33
1171	1368	27
1170	1408	94
784	30	0
806	107	93
842	85	18
844	130	95
843	166	100
844	206	30
843	245	45
845	282	48
843	322	32
843	361	55
882	166	82
884	88	74
930	85	100
933	127	95
932	163	51
931	205	75
931	246	85
904	264	19
929	286	69
933	321	67
930	370	58
991	165	14
826	440	2
965	459	89
581	79	1
642	90	88
642	128	67
637	164	84
642	208	9
641	248	27
641	285	34
642	323	23
640	361	57
671	360	2
681	164	19
680	84	29
710	437	51
730	359	42
732	321	18
767	323	72
726	287	72
727	244	76
726	117	35
729	166	83
729	130	80
728	86	13
805	594	85
782	653	73
842	631	68
855	706	18
872	799	93
845	826	47
843	864	47
890	848	62
889	883	41
950	919	51
932	883	96
929	846	34
930	804	59
925	765	82
933	726	37
928	689	39
958	690	10
932	651	26
929	612	90
931	570	40
929	535	67
1001	514	30
573	325	90
611	474	31
610	503	99
601	575	61
654	571	59
640	648	31
642	688	58
638	728	14
640	766	32
641	805	14
640	842	72
641	883	17
689	890	35
689	843	29
688	804	17
729	863	10
727	628	22
896	1027	17
881	971	20
823	961	11
746	958	48
602	953	60
599	1009	4
828	1065	2
803	1085	63
824	1104	58
825	1144	49
823	1181	45
823	1222	31
825	1261	32
821	1298	49
822	1356	36
843	1399	73
882	1336	95
881	1296	68
882	1263	20
880	1215	43
880	1178	100
882	1143	37
882	1102	1
879	1065	66
750	1088	51
753	1216	46
754	1258	50
773	1307	20
747	1358	57
710	1301	55
709	1261	61
707	1223	22
706	1181	83
707	1146	99
704	1102	56
708	1067	1
638	1105	97
639	1145	5
641	1179	51
637	1222	35
638	1256	39
639	1298	75
640	1337	0
640	1375	81
641	1415	47
602	1394	61
638	1455	57
1796	1505	77
1756	1494	87
1717	1484	93
1679	1484	25
1631	1473	97
1533	1492	74
1051	1481	41
1002	1482	29
811	1481	96
1758	1524	32
1719	1525	35
1678	1524	61
1640	1525	93
1601	1522	2
1563	1524	100
1523	1524	93
1485	1521	53
1448	1524	40
1408	1523	11
1370	1524	95
1332	1523	90
1292	1524	92
1252	1523	33
1215	1523	98
1175	1522	33
1140	1523	81
1097	1524	91
1060	1522	21
1022	1522	34
982	1521	57
947	1522	60
905	1521	59
865	1522	99
829	1522	39
790	1523	48
752	1520	85
713	1520	0
675	1521	41
634	1522	86
597	1521	90
557	1521	42
1757	1647	15
1759	1687	67
1739	1773	85
1720	1598	6
1699	1744	86
1679	1696	12
1660	1559	47
1640	1658	72
1622	1820	11
1606	1548	18
1563	1551	98
1574	1596	82
1574	1763	52
1548	1832	47
1488	1562	81
1451	1561	33
1464	1610	80
1488	1715	92
1410	1627	70
1411	1693	29
1391	1776	25
1370	1594	9
1361	1626	91
1334	1754	14
1313	1783	27
1274	1560	25
1178	1813	68
1140	1814	35
1080	1693	37
1042	1706	60
1004	1636	62
927	1618	41
928	1667	83
869	1743	1
871	1842	65
830	1765	40
811	1642	92
782	1630	85
752	1611	88
713	1570	84
716	1842	86
676	1751	93
676	1821	89
628	1762	24
611	1716	46
634	1596	83
598	1607	9
560	1646	92
560	1685	46
521	1784	75
1756	1869	22
1717	1869	91
1680	1870	73
1642	1871	26
1602	1871	84
1564	1871	72
1526	1870	24
1487	1871	16
1448	1873	55
1409	1871	62
1369	1872	59
1333	1872	8
1294	1872	33
1253	1873	99
1218	1872	29
1176	1870	50
1139	1869	45
1100	1872	82
1061	1871	90
1024	1869	5
983	1871	63
945	1870	61
904	1870	17
869	1870	85
829	1870	17
789	1872	47
751	1867	58
713	1872	27
674	1868	13
637	1869	52
596	1871	5
557	1872	65
1642	1902	10
1563	1899	1
1456	1928	83
1256	1899	75
1234	1936	67
1144	1909	16
1102	1910	60
1060	1909	53
984	1898	77
948	1909	51
883	1927	37
848	1907	95
769	1906	54
716	1899	18
674	1908	86
599	1908	61
1475	1984	55
1428	2007	30
1429	2044	76
1430	2082	66
1430	2122	96
1429	2160	58
1429	2198	56
1430	2238	52
1429	2277	80
1428	2314	33
1432	2369	53
1428	2391	31
1429	2427	78
1425	2493	19
1380	2004	31
1410	2102	74
1380	2239	8
1409	2370	92
1352	2311	62
1351	2340	14
1351	2410	14
1313	2156	78
1270	2334	37
1274	2490	35
1379	2550	43
1343	2547	98
1362	2602	35
1291	2527	71
1265	2560	36
1286	2635	43
1363	2662	48
1369	2701	73
1394	2722	33
1371	2740	36
1370	2782	85
1370	2817	94
1369	2857	21
1409	2886	38
1369	2894	26
1369	2935	10
1273	2933	5
1272	2893	9
1273	2852	37
1274	2814	3
1275	2780	32
1272	2737	57
1271	2701	3
1273	2664	64
1234	2963	21
1272	2961	85
1390	2982	10
1252	3025	83
1343	3049	10
1372	3087	46
1372	3128	5
1373	3166	9
1371	3201	99
1372	3240	47
1369	3287	6
1369	3317	22
1374	3358	41
1328	3417	89
1294	3421	70
1271	3357	33
1276	3318	19
1274	3278	58
1233	3280	1
1273	3239	89
1275	3199	94
1273	3164	79
1276	3126	15
1275	3085	72
1224	3184	28
1194	3144	84
1320	3201	76
1322	3260	51
1392	3504	46
1423	3532	67
1399	3764	65
1408	3862	33
1439	3890	91
1370	3528	57
1370	3569	34
1368	3612	35
1369	3646	71
1371	3683	83
1370	3723	20
1370	3765	14
1367	3801	54
1368	3840	6
1367	3882	53
1331	3871	47
1332	3792	14
1312	3586	24
1274	3528	41
1272	3567	2
1272	3606	57
1272	3648	60
1273	3683	0
1272	3722	21
1273	3764	78
1274	3808	24
1274	3841	72
1274	3879	80
1234	2182	43
1248	2241	40
1226	2276	47
1195	2006	37
1198	2043	96
1199	2079	8
1197	2119	74
1199	2162	4
1196	2200	4
1198	2238	62
1195	2278	67
1197	2317	47
1198	2357	32
1196	2392	12
1197	2432	34
1206	2489	79
1157	2003	65
1157	2042	93
1158	2081	66
1158	2118	67
1159	2162	44
1156	2200	14
1156	2240	4
1156	2278	14
1159	2315	22
1157	2351	24
1160	2393	78
1159	2431	48
1155	2472	35
1161	2509	29
1119	2470	19
1191	2576	55
1119	2573	5
1194	2740	85
1155	2661	8
1159	2700	1
1159	2738	46
1160	2776	24
1161	2815	74
1159	2854	34
1157	2892	80
1163	2929	21
1108	2815	64
1108	2912	49
1082	2758	33
1062	2657	59
1063	2701	40
1064	2739	30
1062	2776	92
1063	2816	85
1061	2850	88
1060	2894	72
1059	2933	77
1176	3028	86
1158	3088	73
1160	3126	39
1155	3166	75
1158	3201	21
1159	3242	61
1157	3282	57
1158	3320	27
1158	3356	82
1109	3068	10
1121	3105	24
1097	3206	8
1064	3088	12
1062	3131	77
1064	3162	72
1062	3203	81
1061	3241	36
1059	3280	46
1061	3320	11
1062	3357	49
1213	3625	86
1224	3667	42
1186	3743	33
1204	3783	42
1157	3530	0
1158	3569	3
1159	3611	92
1160	3645	78
1153	3686	43
1158	3729	82
1158	3765	36
1156	3801	24
1157	3843	96
1157	3880	48
1118	3501	53
1118	3794	19
1118	3870	45
1059	3529	96
1061	3568	45
1063	3607	83
1062	3647	81
1061	3682	45
1062	3730	85
1059	3763	22
1061	3801	11
1059	3842	37
1060	3880	36
954	1976	82
955	2023	48
1083	2026	52
1073	2061	35
1012	2100	8
1072	2198	72
981	2279	74
1050	2507	74
964	2624	31
1005	2681	62
984	2719	10
1031	3009	37
1004	3059	91
970	3018	28
1003	3426	45
968	3425	54
928	2006	51
928	2048	36
928	2081	16
927	2122	33
927	2159	41
928	2200	4
925	2241	48
927	2276	63
926	2317	68
928	2354	39
926	2391	89
929	2429	52
926	2469	45
924	2508	41
886	2003	53
889	2045	81
888	2083	74
888	2120	57
889	2159	23
887	2201	68
886	2241	19
890	2276	65
886	2315	45
888	2353	65
888	2392	79
886	2430	41
887	2468	11
889	2509	40
910	2588	48
947	2662	77
869	2633	95
947	2659	55
946	2700	59
946	2740	56
946	2777	24
947	2815	99
945	2856	50
947	2894	95
944	2932	71
847	2929	22
848	2891	54
850	2854	1
847	2813	33
848	2775	33
847	2736	76
849	2699	51
849	2665	43
863	2987	31
867	3019	81
944	3021	82
941	3088	65
944	3127	4
945	3160	53
945	3203	95
943	3242	9
945	3275	97
946	3321	50
945	3359	64
849	3087	29
849	3125	55
850	3162	34
848	3202	94
850	3242	41
850	3283	99
853	3319	50
938	3441	27
910	3440	75
943	3530	23
947	3570	84
943	3609	84
946	3647	61
947	3683	5
947	3725	29
947	3761	79
946	3803	37
946	3843	48
946	3883	6
904	3703	94
928	3742	86
904	3793	10
895	3834	99
897	3859	39
867	3522	16
848	3607	97
848	3647	15
849	3683	13
848	3727	9
852	3757	60
850	3800	50
849	3841	76
850	3878	92
826	3821	5
811	3858	42
694	1955	6
824	1976	4
804	2041	74
793	2081	96
762	2117	69
803	2142	65
750	2159	49
773	2180	100
861	2487	72
831	2503	73
842	2583	68
759	2718	46
791	2779	13
780	2967	49
829	3000	67
808	3237	9
819	3279	42
760	3319	61
780	3424	92
808	3444	37
785	3527	71
780	3572	80
748	3550	82
750	3708	66
655	1966	17
656	2011	36
655	2040	47
656	2082	19
658	2123	78
656	2160	90
656	2198	85
658	2239	58
657	2274	83
657	2314	79
657	2356	7
657	2390	3
654	2430	55
655	2469	83
656	2509	45
599	2004	1
597	2042	6
598	2081	41
596	2122	56
598	2161	40
599	2196	85
600	2239	5
597	2278	12
597	2317	97
598	2354	14
597	2393	81
598	2432	22
597	2516	12
598	2551	6
734	2663	88
735	2701	98
735	2741	9
735	2780	16
735	2814	7
734	2851	9
732	2896	50
734	2932	0
704	2834	52
680	2771	15
689	2693	77
697	2630	1
657	2881	75
639	2595	32
636	2631	0
639	2673	38
637	2708	85
635	2748	80
635	2787	38
635	2822	97
636	2863	75
636	2902	49
636	2944	19
598	2592	58
600	2629	41
596	2671	30
598	2707	83
596	2748	5
596	2787	41
597	2825	36
598	2863	46
595	2900	91
595	2943	73
733	3020	48
628	2998	7
547	3010	19
734	3087	36
733	3125	100
736	3164	54
732	3202	44
732	3237	98
733	3277	36
734	3320	67
703	3459	81
692	3587	95
733	3607	89
731	3644	91
733	3687	82
734	3723	49
732	3767	16
732	3804	32
734	3844	74
733	3880	92
674	3086	87
676	3122	0
674	3169	8
674	3199	51
672	3241	23
675	3279	43
677	3320	71
676	3359	91
675	3396	88
674	3436	87
666	3472	74
676	3531	5
675	3571	14
672	3609	45
674	3648	92
675	3684	81
675	3726	30
674	3764	81
674	3802	40
674	3844	84
676	3877	75
578	3144	41
620	3223	8
640	3271	24
607	3341	54
636	3439	100
597	3533	93
609	3940	53
438	49	75
417	284	41
457	122	84
453	162	88
454	202	50
456	242	69
457	282	6
457	320	58
456	361	83
484	185	73
524	122	52
525	166	62
526	204	18
523	245	54
524	283	19
526	323	51
524	361	20
559	390	65
390	410	35
363	47	97
339	124	18
340	165	43
340	204	97
342	243	100
341	282	18
341	323	49
342	359	8
322	48	21
302	127	5
300	163	71
302	203	25
301	244	25
302	285	78
305	325	19
304	362	95
247	382	2
223	282	18
212	110	82
233	50	72
169	41	23
186	128	99
186	164	47
186	203	21
189	246	61
186	285	14
186	322	89
188	361	18
148	358	3
147	322	59
147	287	21
150	244	77
149	207	1
149	166	27
149	129	51
111	168	6
91	51	88
54	48	96
33	126	2
33	167	59
35	118	10
35	248	95
33	360	46
31	364	19
33	368	4
34	372	46
33	323	89
34	362	36
63	360	97
90	324	47
534	473	89
529	610	9
494	504	97
467	475	33
437	532	9
454	603	2
397	524	20
415	479	75
366	604	60
322	524	65
312	465	43
272	522	69
273	571	7
262	436	15
229	452	49
224	484	15
119	573	38
117	526	33
54	574	64
52	493	85
64	453	76
4	554	18
-47	512	7
4	602	100
34	632	0
12	666	72
550	691	26
525	650	32
525	689	34
521	729	5
523	766	16
523	805	33
521	841	65
527	884	10
455	1299	18
427	884	62
428	843	92
429	804	89
428	768	84
427	728	27
426	685	97
430	648	15
370	725	35
387	781	81
367	823	56
311	883	90
311	839	21
313	801	95
313	767	81
309	724	18
311	685	99
316	649	37
234	650	82
234	685	78
234	724	22
212	745	95
233	764	54
233	802	67
235	843	21
236	885	20
158	670	81
117	646	2
118	688	48
119	728	9
118	767	31
120	805	17
119	842	84
120	882	43
544	1038	0
522	951	67
477	1046	53
475	979	11
449	1050	58
396	976	34
299	941	8
243	918	100
262	991	67
214	951	71
205	987	39
225	1026	0
166	979	26
127	1015	89
106	972	65
89	1017	98
23	968	50
-61	801	23
-57	32	17
523	1103	20
524	1143	80
523	1183	13
522	1223	44
523	1256	25
523	1296	8
523	1337	8
523	1377	30
526	1415	82
523	1454	81
476	1084	86
476	1121	69
475	1162	80
475	1199	71
477	1241	79
474	1277	50
475	1316	39
478	1355	21
478	1394	91
475	1431	5
475	1473	21
878	1506	2
474	1549	37
475	1587	71
475	1625	93
478	1665	63
475	1706	50
475	1743	0
476	1781	81
476	1830	30
476	1912	83
436	1087	9
439	1123	54
438	1160	83
434	1202	20
436	1238	98
435	1281	5
436	1320	17
435	1357	98
436	1396	25
436	1435	66
438	1473	12
435	1502	34
435	1552	21
434	1587	52
436	1627	61
438	1665	39
437	1703	65
437	1744	75
438	1781	47
438	1822	33
437	1862	93
434	1900	25
391	1086	46
377	1192	21
385	1230	99
367	1268	15
378	1551	11
358	1841	27
346	1899	21
317	1122	70
322	1162	82
322	1200	30
319	1239	14
321	1277	27
319	1317	30
321	1353	76
321	1394	77
320	1430	7
320	1471	61
320	1550	11
321	1590	45
318	1625	62
319	1664	41
320	1704	69
321	1743	81
319	1784	6
321	1821	77
321	1859	62
319	1899	95
279	1061	71
283	1122	9
281	1161	65
281	1198	74
280	1240	30
282	1274	75
281	1318	19
281	1355	80
281	1395	27
281	1435	8
283	1473	47
281	1550	56
281	1584	32
282	1626	69
281	1667	30
281	1704	73
281	1743	22
284	1783	34
283	1822	90
282	1860	87
282	1900	56
216	1181	10
246	1373	30
241	1433	13
230	1471	62
260	1514	87
236	1541	58
235	1838	39
205	1063	78
167	1100	2
170	1131	90
166	1084	1
165	1202	3
167	1239	70
187	1260	54
168	1281	16
167	1315	69
165	1360	70
168	1391	84
167	1434	23
170	1471	14
167	1550	54
166	1587	71
165	1626	86
167	1665	67
167	1711	14
169	1743	82
167	1781	56
167	1820	12
168	1858	60
167	1901	54
131	1055	15
129	1094	19
128	1132	88
125	1172	50
128	1213	75
126	1250	86
128	1290	92
123	1327	23
127	1367	90
128	1405	50
129	1443	78
127	1485	84
128	1522	12
131	1560	67
129	1599	87
130	1638	17
130	1678	7
127	1713	72
128	1753	72
91	1058	65
89	1097	35
87	1131	72
87	1169	83
86	1211	36
86	1248	39
90	1292	51
87	1240	29
90	1369	2
86	1408	28
88	1445	45
90	1483	32
91	1520	24
88	1558	5
94	1606	10
91	1639	93
88	1676	89
89	1629	27
89	1758	97
53	1057	33
49	1094	74
49	1135	43
51	1175	14
51	1213	87
49	1251	89
50	1288	32
50	1328	74
51	1366	26
49	1404	27
51	1444	94
50	1483	72
51	1522	17
50	1558	73
53	1600	97
50	1637	30
50	1673	98
47	1712	15
50	1754	41
49	1795	68
11	1055	63
16	1095	39
12	1134	58
13	1173	42
15	1210	81
12	1249	74
11	1289	75
14	1328	53
13	1368	28
14	1406	2
16	1441	8
13	1482	30
14	1521	31
10	1561	58
12	1594	25
10	1637	80
15	1678	26
15	1714	41
11	1753	82
11	1793	46
21	1882	67
88	1327	21
88	1712	17
503	2002	0
512	2040	3
542	2099	11
521	2140	30
534	2179	86
484	2098	92
434	2062	39
414	2020	80
394	2137	37
426	2198	75
463	2277	99
484	2313	62
415	2292	9
435	2373	98
436	2437	29
463	2438	2
494	2458	40
484	2516	18
484	2552	53
483	2592	27
483	2630	96
484	2671	7
483	2707	14
484	2748	94
482	2784	99
482	2824	39
484	2863	5
485	2903	25
483	2939	92
521	2941	81
520	2899	91
523	2862	77
521	2823	60
521	2787	28
524	2745	35
520	2709	66
521	2669	62
522	2631	73
520	2593	36
473	3011	21
337	1933	65
359	1964	86
368	2001	2
368	2039	32
367	2079	3
367	2118	67
368	2160	57
367	2197	74
367	2238	61
368	2275	91
368	2313	56
370	2351	99
369	2392	13
365	2427	81
322	2080	95
319	2118	65
318	2156	42
319	2199	83
318	2233	23
319	2274	42
319	2315	92
318	2352	97
319	2394	60
318	2428	46
290	1972	79
281	1999	51
282	2042	6
280	2078	73
278	2115	22
280	2161	25
280	2195	26
279	2236	24
281	2278	96
280	2312	39
281	2355	4
280	2392	100
277	2427	100
348	2503	51
385	2524	38
387	2554	35
365	2582	27
376	2622	37
394	2750	47
395	2952	49
308	2526	33
279	2527	57
280	2563	77
321	2604	3
283	2600	20
316	2640	26
282	2640	38
321	2680	24
280	2679	70
320	2717	25
282	2717	14
320	2757	53
279	2755	45
318	2798	81
283	2794	97
319	2833	18
281	2832	77
318	2870	44
282	2869	20
321	2910	72
280	2910	35
320	2949	84
281	2949	48
557	3089	69
559	3125	83
556	3164	14
558	3201	78
558	3240	73
559	3279	34
558	3317	31
559	3356	68
561	3393	9
560	3437	53
490	3277	90
463	3085	62
462	3122	93
464	3163	46
463	3200	11
461	3235	91
464	3278	37
462	3316	46
464	3355	5
463	3395	75
464	3434	4
558	3532	82
559	3568	9
559	3604	22
562	3645	23
558	3685	12
561	3724	9
558	3766	64
559	3800	92
560	3839	66
561	3879	100
520	3760	17
509	3800	32
511	3840	92
509	3879	55
460	3489	70
443	3519	8
452	3565	99
464	3606	4
463	3644	31
461	3685	81
462	3721	35
463	3761	20
462	3801	39
462	3840	50
462	3877	55
444	3036	80
357	3037	35
394	3260	79
397	3339	49
396	3418	92
384	3512	80
388	3548	47
374	3609	98
403	3646	67
424	3687	69
406	3743	64
405	3906	16
442	3919	42
344	3087	23
349	3124	44
346	3162	30
347	3201	5
348	3238	67
347	3275	32
346	3317	56
349	3358	61
347	3397	85
349	3432	12
349	3477	71
347	3511	41
348	3547	50
346	3604	86
346	3643	59
347	3687	43
348	3724	49
346	3762	47
348	3798	36
344	3839	27
347	3876	25
324	3413	26
307	3501	1
296	3558	18
327	3629	96
296	3743	67
270	3124	43
272	3161	1
269	3197	57
272	3238	65
270	3279	43
271	3318	25
273	3356	78
250	3220	74
231	3288	76
221	3338	75
242	3377	73
263	3453	88
252	3529	55
212	3470	0
211	3514	6
272	3587	54
270	3624	50
268	3665	44
270	3706	89
270	3742	15
270	3784	63
270	3820	56
270	3858	60
271	3916	32
213	3824	97
194	3917	77
223	2021	34
222	2140	40
234	2410	66
231	2490	32
202	2079	47
203	2120	73
202	2159	95
203	2197	90
201	2237	15
204	2274	86
204	2316	40
202	2353	90
200	2392	96
204	2428	97
203	2602	10
204	2643	5
205	2699	67
205	2721	70
204	2759	92
204	2799	54
204	2836	92
203	2877	34
204	2913	88
204	2953	37
164	2003	70
165	2042	86
165	2081	94
164	2120	15
164	2159	31
165	2197	39
164	2233	75
164	2274	72
166	2315	70
165	2351	34
164	2392	73
164	2430	89
165	2487	2
164	2523	22
166	2567	75
165	2602	68
166	2643	1
163	2683	37
165	2721	62
165	2759	41
164	2799	23
163	2837	15
166	2869	25
166	2911	24
164	2954	94
128	2080	6
127	2140	61
127	2180	95
125	2219	31
125	2258	93
127	2296	67
125	2158	45
128	2373	87
127	2416	59
126	2448	66
128	2489	76
127	2528	34
127	2564	53
126	2607	96
127	2642	6
126	2683	13
126	2720	60
128	2760	3
127	2796	42
124	2834	89
127	2874	26
129	2914	52
78	1990	78
88	2137	90
90	2177	49
87	2218	64
87	2258	16
90	2298	88
91	2343	11
90	2373	25
92	2420	81
89	2449	3
87	2489	59
86	2524	93
90	2565	90
88	2604	53
89	2643	20
87	2679	5
89	2718	37
89	2757	77
90	2806	81
88	2835	88
87	2872	13
88	2911	14
50	2137	39
50	2176	24
51	2216	71
49	2257	82
50	2294	81
49	2334	24
49	2370	32
48	2408	49
50	2449	59
50	2489	94
50	2525	93
49	2564	65
50	2603	22
50	2643	97
49	2681	16
50	2717	22
50	2757	34
51	2796	89
49	2834	92
49	2874	15
-23	1994	25
10	2137	18
12	2178	3
11	2217	43
11	2256	84
11	2292	18
11	2333	44
13	2378	64
10	2411	54
9	2448	89
10	2484	43
9	2524	1
11	2563	48
10	2601	4
10	2640	41
11	2682	64
9	2718	99
10	2754	46
10	2801	47
10	2834	48
11	2872	42
126	2334	91
173	3143	99
174	3184	18
155	3123	9
154	3162	19
156	3203	36
154	3241	43
154	3278	67
154	3314	43
156	3355	83
153	3397	70
136	3468	85
135	3510	1
155	3551	97
156	3591	51
155	3627	50
155	3665	56
154	3707	37
152	3744	60
156	3791	8
155	3822	47
157	3861	36
115	3547	4
114	3585	49
114	3600	90
113	3610	52
113	3624	80
112	3663	69
112	3699	15
112	3739	98
112	3779	41
116	3819	23
113	3858	53
114	3898	6
105	3102	96
103	3159	7
107	3256	77
105	3295	28
105	3375	14
66	3215	53
64	3374	11
75	3462	71
36	3460	81
75	3546	63
37	3547	38
76	3624	69
35	3622	43
77	3702	94
37	3701	74
77	3778	47
37	3780	70
78	3858	24
36	3856	2
-4	3873	0
17	2052	42
16	2962	6
-66	3134	53
-68	3905	26
38	3941	59
