2713	9999	p	S 
40.6899138	-74.0453133	2
40.7140465	-73.9861951	988
40.7123064	-73.985895	1344
40.7110969	-73.9857358	726
40.7137327	-73.9824138	297
40.7142721	-73.9833143	51
40.714222	-73.9850802	4
40.7134892	-73.9845127	259
40.7127808	-73.9844179	296
40.7118519	-73.9842782	274
40.7110607	-73.9835825	246
40.711172	-73.9819343	629
40.7109982	-73.9843123	260
40.7123919	-73.9824054	467
40.7128269	-73.9830864	380
40.712258	-73.9835666	441
40.7118687	-73.9829368	414
40.7125349	-73.9809536	452
40.7124889	-73.9813708	428
40.7124382	-73.9818824	437
40.7129697	-73.979375	1981
40.7142115	-73.9914028	559
40.7136226	-73.9913117	1270
40.7129196	-73.991202	454
40.7122351	-73.9907481	670
40.7121453	-73.991924	327
40.711466	-73.9909932	709
40.7105115	-73.9908827	835
40.7139115	-73.9878825	499
40.7137827	-73.989406	672
40.7132041	-73.9877687	206
40.7130785	-73.9892948	1380
40.7121899	-73.9871645	633
40.7120858	-73.9883469	473
40.7119693	-73.9895228	643
40.7109322	-73.9873174	765
40.7107445	-73.988783	1267
40.7102186	-73.9880046	5
40.7077606	-74.0092271	471
40.7066913	-74.0080737	220
40.7070528	-74.0077098	970
40.7064108	-74.0103454	2011
40.7056078	-74.0073798	201
40.7048135	-74.0084354	1077
40.7051987	-74.0086185	154
40.7056027	-74.0086008	1258
40.705937	-74.0093283	89
40.7054474	-74.0095709	570
40.7050529	-74.0094363	298
40.7047393	-74.0075204	787
40.7042865	-74.0069514	1
40.7038139	-74.0050607	2
40.7138344	-73.9960088	559
40.7132455	-73.9958671	976
40.712551	-73.9957274	1658
40.7118357	-73.9955882	1962
40.710868	-73.9959648	1720
40.7110133	-73.9947556	1717
40.7140567	-73.9935231	107
40.7134724	-73.9932352	376
40.7126765	-73.9940279	244
40.7119797	-73.9937971	522
40.7120918	-73.9929085	446
40.7093946	-73.994034	3
40.7055747	-74.010762	159
40.7056578	-74.0118654	13
40.7044399	-74.0124907	8
40.7048321	-74.0121494	53
40.7047657	-74.0109489	82
40.7040727	-74.0109627	50
40.7042953	-74.0101064	35
40.7039094	-74.0098346	40
40.702741	-74.0136496	2
40.7029254	-74.0126919	179
40.7033343	-74.0110208	89
40.701692	-74.0107826	13
40.7038092	-74.0123719	8
40.7143204	-73.9784005	1434
40.7194036	-73.9782235	394
40.7186815	-73.9779563	372
40.7187262	-73.978864	356
40.7178032	-73.9789515	647
40.7165152	-73.9786028	329
40.7170756	-73.9793964	242
40.7166879	-73.98013	324
40.7164512	-73.9794287	319
40.7161538	-73.9780982	381
40.7172294	-73.9769119	2873
40.7185168	-73.976173	310
40.7178695	-73.9832425	422
40.7158044	-73.9843476	968
40.7155213	-73.9835247	162
40.7162787	-73.9830851	56
40.7151664	-73.9822561	862
40.7148741	-73.9805732	927
40.7097131	-74.012274	119
40.7099448	-74.0141709	540
40.7104043	-74.010371	12
40.7093442	-74.0124797	17
40.7087997	-74.0146152	395
40.7085055	-74.013828	166
40.709114	-74.0135713	118
40.707951	-74.0149363	700
40.7074689	-74.0134933	8
40.7071514	-74.0144415	577
40.7057984	-74.0157832	1453
40.7072846	-74.0126833	371
40.7048504	-74.0159463	3
40.7157955	-73.9882806	756
40.7147475	-73.9887393	736
40.7150349	-73.9859289	1513
40.718538	-73.9858391	752
40.7188072	-73.9866709	285
40.7165541	-73.9868729	11
40.716803	-73.9877049	257
40.7183782	-73.9849528	499
40.7169382	-73.9852281	444
40.7162972	-73.9860268	469
40.7160335	-73.9851882	65
40.7116331	-74.0045869	2
40.7116281	-74.0064145	105
40.7113163	-74.0076492	287
40.7107732	-74.0082303	13
40.7110286	-74.0071012	18
40.7105517	-74.0064303	70
40.7110615	-74.0057523	285
40.7111049	-74.0047968	512
40.710292	-74.0049307	7
40.7098798	-74.0054547	163
40.7094986	-74.0057975	548
40.7100688	-74.0069151	192
40.7094264	-74.0035697	2263
40.7088195	-74.0017404	222
40.7078555	-74.0008434	13
40.7072241	-74.0020493	149
40.707676	-74.0035847	44
40.7082999	-74.0012147	136
40.707687	-74.0024366	164
40.7082811	-74.0041322	325
40.7102281	-74.0086653	429
40.7097004	-74.0091922	462
40.7096739	-74.0077502	172
40.7093031	-74.0071392	993
40.7088996	-74.0064266	636
40.7082819	-74.0070766	279
40.7089348	-74.0092611	137
40.7092721	-74.0098257	18
40.7078084	-74.0074402	573
40.7088087	-74.0056432	9
40.7083872	-74.0056411	1036
40.7078848	-74.0051543	12
40.7073649	-74.0047513	734
40.7076928	-74.006188	349
40.7072644	-74.0067381	1471
40.7060791	-74.0056116	94
40.7059124	-74.0045247	72
40.7177099	-73.9946242	594
40.7165554	-73.9952158	203
40.7157227	-73.9952263	3
40.7148471	-73.9959023	1615
40.716946	-73.9921201	350
40.7172008	-73.9929593	951
40.715796	-73.9927083	783
40.7150119	-73.9940312	495
40.7147836	-73.9932643	361
40.7162577	-73.9898555	774
40.7164979	-73.9906302	470
40.7166813	-73.9912475	207
40.7168036	-73.9915958	19
40.7151434	-73.9904434	510
40.7153457	-73.9912229	588
40.7155338	-73.9918447	384
40.7146248	-73.9916579	149
40.7145414	-73.9903983	22
40.7170522	-73.988517	465
40.7175483	-73.9900896	579
40.7177359	-73.9907062	224
40.7182242	-73.9888384	63
40.7184598	-73.9896214	445
40.7186548	-73.9902472	167
40.7190678	-73.9874788	335
40.719316	-73.9882769	280
40.7195524	-73.9890615	615
40.7197432	-73.9896965	198
40.7198629	-73.9900617	65
40.7200068	-73.9905685	574
40.7202568	-73.9913948	528
40.7208059	-73.9931662	490
40.7196951	-73.9936783	385
40.7187714	-73.9941006	183
40.7179994	-73.9915921	807
40.7182537	-73.992421	709
40.7189167	-73.9911264	857
40.719167	-73.9919526	691
40.7215661	-73.9767821	1237
40.7215915	-73.9757029	570
40.7208643	-73.9755752	665
40.7200678	-73.9754302	305
40.7201867	-73.9760251	351
40.7203979	-73.9767268	310
40.7210213	-73.9774276	335
40.7206236	-73.97765	348
40.7193693	-73.9756042	255
40.7200015	-73.9778118	541
40.7154724	-74.0083862	150
40.7149395	-74.0088124	176
40.71427	-74.0073507	529
40.7147997	-74.0069168	148
40.7137076	-74.0077971	385
40.7143715	-74.0092568	175
40.71382	-74.0096943	858
40.7131615	-74.0082454	61
40.7120422	-74.0091363	691
40.7162307	-74.0100618	606
40.7156005	-74.0102444	439
40.7163892	-74.0120124	468
40.7155804	-74.0122957	991
40.7149679	-74.0105659	363
40.7202133	-73.9820529	463
40.7204729	-73.9829039	418
40.7207253	-73.9837374	526
40.7190057	-73.9826535	530
40.7194028	-73.9839375	725
40.7190845	-73.9814334	1331
40.7194574	-73.9795662	3
40.7178503	-73.9808631	2402
40.7208543	-73.9796588	966
40.7218481	-73.9820253	942
40.7213453	-73.9825239	281
40.7231908	-73.9729404	688
40.7237383	-73.9741711	476
40.7239981	-73.9748385	304
40.7241745	-73.9753848	495
40.7234816	-73.9758199	307
40.7223549	-73.9752281	443
40.7230502	-73.9748366	297
40.7228164	-73.9762399	481
40.7257924	-73.9734826	1943
40.7116711	-73.9972665	603
40.7114428	-73.9987928	402
40.7111068	-74.0000282	383
40.7103317	-73.9996388	1200
40.7106201	-73.998709	408
40.7104455	-73.9973871	505
40.7092951	-73.9974027	482
40.7096716	-73.9983988	407
40.7093016	-73.9992414	479
40.7226945	-73.978311	607
40.7220836	-73.9787567	538
40.7214781	-73.9791984	850
40.7233894	-73.9809015	827
40.7224778	-73.9815663	950
40.7244883	-73.9770053	423
40.723885	-73.9774438	636
40.7232906	-73.9778773	715
40.7254865	-73.9793726	748
40.7248832	-73.9798127	693
40.7242888	-73.9802476	1012
40.7131472	-73.9986493	2
40.7130985	-73.9976511	133
40.7125293	-73.9999613	696
40.7124653	-73.9983348	380
40.712086	-73.999089	53
40.7285987	-73.9770992	950
40.7279224	-73.9775819	1149
40.7272842	-73.9780544	546
40.7266705	-73.9785028	1274
40.7260771	-73.978935	876
40.7269249	-73.975225	668
40.7265048	-73.9762141	320
40.7258965	-73.9766564	631
40.7250821	-73.976567	700
40.7170963	-74.0001178	117
40.7161149	-74.000796	689
40.7151571	-73.9991575	631
40.716637	-73.9993712	725
40.7163656	-73.9985413	431
40.7157827	-73.9968963	430
40.7160867	-73.9977387	436
40.7150854	-73.9978642	876
40.7142347	-73.9983428	418
40.7144677	-73.9976597	114
40.714073	-73.9990966	342
40.7136051	-74.0000072	335
40.7130516	-74.0018937	850
40.7136314	-74.0024218	4
40.7217337	-73.9870323	623
40.7219626	-73.9878251	300
40.722221	-73.9884976	269
40.7205329	-73.9876535	493
40.7207694	-73.9884404	523
40.7209615	-73.989072	330
40.7210551	-73.9894434	50
40.7209832	-73.9845737	473
40.7212371	-73.9854178	421
40.7197868	-73.9851949	622
40.7202886	-73.9868503	388
40.7228354	-73.9843573	1030
40.7222076	-73.9848986	895
40.7237962	-73.9866274	476
40.7231433	-73.9871002	705
40.7184186	-74.001171	3
40.7178091	-74.0016899	156
40.7181673	-74.0024465	26
40.7175847	-74.0029679	375
40.7172185	-74.0022382	1091
40.7168087	-74.0030556	84
40.716376	-74.0033539	19
40.7161232	-74.003679	796
40.72743	-73.9839821	878
40.7268263	-73.9844209	857
40.7262306	-73.9848553	722
40.7256356	-73.9852909	753
40.7250325	-73.9857283	875
40.7244261	-73.9861693	705
40.7234683	-73.9839068	672
40.7246778	-73.9830196	722
40.7240716	-73.9834588	1105
40.7261672	-73.9819344	74
40.7252733	-73.9825851	871
40.7198462	-74.0029521	124
40.7193271	-74.0032397	139
40.7187443	-74.0036989	355
40.7182963	-74.0044999	248
40.7175697	-74.0046631	200
40.7169764	-74.0051443	732
40.7153368	-74.0064864	174
40.7157668	-74.0057862	664
40.7206643	-74.0043521	19
40.7195452	-74.0055514	65
40.7188819	-74.0058148	135
40.7182702	-74.0061862	39
40.7176713	-74.0066553	26
40.7165598	-74.0075265	209
40.7160087	-74.0079613	226
40.7221899	-74.0072857	172
40.7210814	-74.0062099	25
40.7213637	-74.0055414	47
40.7207072	-74.0055917	115
40.7200291	-74.0063033	48
40.7201963	-74.0076374	362
40.7195388	-74.007758	329
40.7194482	-74.0065147	70
40.7188961	-74.0077238	167
40.7183197	-74.0080489	260
40.7170751	-74.008607	129
40.7164616	-74.008866	77
40.7295909	-73.9794396	783
40.7289158	-73.9799296	928
40.7282766	-73.9803953	766
40.7276563	-73.9808479	770
40.7292335	-73.9826668	170
40.7286135	-73.9831189	721
40.7280207	-73.9835522	771
40.7305461	-73.9817046	570
40.7298726	-73.9822004	1133
40.7224191	-73.9893309	416
40.7212289	-73.9899367	506
40.7226758	-73.9901545	362
40.7214735	-73.9907727	638
40.7232635	-73.9920885	954
40.7220355	-73.9926187	517
40.7247605	-73.9889249	669
40.724104	-73.9893925	758
40.7256432	-73.9910153	322
40.724945	-73.9913829	828
40.7242796	-73.9917749	376
40.7235886	-73.9898735	198
40.7276276	-74.01023	8
40.7259916	-74.0095168	1
40.7267671	-74.0093685	5
40.7270359	-74.008141	181
40.7262933	-74.0082625	36
40.7258398	-74.0079576	11
40.724901	-74.0081124	175
40.7251635	-74.0088402	306
40.7254353	-74.0095728	131
40.727934	-74.0026702	60
40.7281423	-74.0030233	85
40.7281332	-74.004252	244
40.7274192	-74.0043915	359
40.7273145	-74.0030299	113
40.726705	-74.0045923	376
40.7259738	-74.0047997	59
40.7252914	-74.0052185	16
40.7254331	-74.0067254	4
40.7247978	-74.0068456	55
40.724649	-74.0053278	86
40.7240101	-74.00538	28
40.7233764	-74.0055407	108
40.7293343	-73.9885199	623
40.7299727	-73.9893487	98
40.7287695	-73.9890184	795
40.7280499	-73.9891735	417
40.7275761	-73.9899006	803
40.7269613	-73.9903072	820
40.7263187	-73.9906594	573
40.7253875	-73.9884595	1069
40.7265994	-73.9875795	1028
40.7259965	-73.9880267	559
40.7271968	-73.9871476	852
40.7283953	-73.9862738	797
40.7277918	-73.9867124	803
40.724662	-74.0107177	89
40.7244811	-74.0098016	160
40.7248665	-74.0096883	3
40.7242173	-74.009076	51
40.7236683	-74.0088157	123
40.7238002	-74.0098813	47
40.7238977	-74.0108612	408
40.7232434	-74.0109877	12
40.7231482	-74.0099959	73
40.7230316	-74.0088258	130
40.7223767	-74.0089439	267
40.7224919	-74.0101088	85
40.7225893	-74.0111072	186
40.7219223	-74.0112355	89
40.7218293	-74.0102348	36
40.7217584	-74.0094829	99
40.7216859	-74.0087061	80
40.7195718	-74.0112953	1479
40.7178319	-74.0116083	851
40.7210042	-74.0088263	162
40.7210737	-74.0096192	29
40.7203574	-74.0093229	310
40.7197038	-74.009441	145
40.7190476	-74.0095514	95
40.7183086	-74.0091463	78
40.7184025	-74.009936	176
40.7177258	-74.0100857	189
40.7176276	-74.009284	150
40.716899	-74.0099301	258
40.7324752	-73.9863118	896
40.7318118	-73.9867976	1029
40.7310375	-73.9869505	553
40.7315176	-73.9880642	913
40.7305504	-73.9877127	479
40.7296912	-73.9876643	270
40.7302226	-73.9886197	730
40.7289865	-73.9858435	800
40.7302001	-73.9849588	319
40.7295803	-73.985411	1263
40.7315047	-73.9840027	408
40.7308393	-73.9844934	991
40.7208018	-73.994384	227
40.7211129	-73.9952273	412
40.7203899	-73.9954986	393
40.7200841	-73.9946541	91
40.7191557	-73.9950363	260
40.7180226	-73.9955548	502
40.7169004	-73.9962043	268
40.71947	-73.9958688	762
40.7183141	-73.9963795	580
40.7172055	-73.9970454	235
40.7197655	-73.9966646	565
40.7185927	-73.997185	587
40.7174852	-73.997848	360
40.719995	-73.9974037	247
40.7201882	-73.9979233	82
40.7190831	-73.9987241	160
40.7188776	-73.9980078	363
40.7178075	-73.998636	332
40.7181565	-73.9993555	68
40.7214112	-73.9960194	109
40.7217246	-73.9968444	299
40.7209862	-73.997112	574
40.7206863	-73.9962938	341
40.7334793	-73.9886444	2193
40.7327224	-73.988929	811
40.7320194	-73.9892473	1070
40.7313421	-73.9895616	567
40.7306921	-73.989851	504
40.7234007	-73.9933705	366
40.7237116	-73.9941776	865
40.7239957	-73.9949314	309
40.7238696	-73.9958716	149
40.7218275	-73.9939773	495
40.7221714	-73.9948082	593
40.7248348	-73.995832	29
40.7246848	-73.9968328	14
40.7241591	-73.9964063	43
40.7230651	-73.9971959	127
40.7234496	-73.9978822	59
40.7228284	-73.9964129	647
40.7224921	-73.995587	574
40.733701	-73.9791254	2298
40.7331248	-73.9768481	1359
40.7320888	-73.9749385	1453
40.7318849	-73.9760357	988
40.7306131	-73.9749779	1222
40.7297928	-73.9765079	3192
40.7302344	-73.978973	1295
40.7316777	-73.9795155	986
40.7315303	-73.9809911	2055
40.7329349	-73.980527	1132
40.7323852	-73.9793663	558
40.721865	-73.9980816	269
40.7222237	-73.9989182	124
40.7211202	-73.9998509	110
40.7207394	-73.9990367	351
40.7204292	-73.9983601	9
40.7212102	-73.9977633	13
40.7201919	-74.0006449	89
40.7194763	-73.9991723	36
40.7198093	-73.999846	29
40.7192132	-74.0008764	39
40.7186284	-73.9998905	67
40.724886	-74.004008	57
40.7244633	-74.0035147	472
40.7241038	-74.0027908	256
40.7237394	-74.0020538	126
40.7237161	-74.0042023	118
40.7232065	-74.0045046	103
40.7229604	-74.0037418	145
40.7234797	-74.0034823	17
40.7220545	-74.0045315	26
40.7225237	-74.0049606	5
40.7216428	-74.0038196	146
40.722654	-74.0029728	162
40.722276	-74.0021883	155
40.7219024	-74.00143	114
40.721516	-74.000653	174
40.720593	-74.0014394	43
40.7207859	-74.0023717	239
40.7212092	-74.003086	148
40.7198871	-74.00202	18
40.7356107	-73.9840282	1137
40.7350256	-73.9844546	850
40.7346083	-73.9852801	288
40.733995	-73.9857265	468
40.7331627	-73.9858102	1505
40.7332854	-73.9821508	59
40.7326744	-73.9826039	72
40.7321915	-73.9834949	1369
40.7346233	-73.9816966	782
40.7340421	-73.9821329	697
40.7338154	-73.9843947	2
40.7261583	-74.0000085	261
40.7257755	-73.9992313	181
40.7254	-73.9984762	160
40.725024	-73.9976851	147
40.7238275	-73.9986976	155
40.7242151	-73.9994762	202
40.7245877	-74.0002353	273
40.724968	-74.0010155	243
40.72299	-74.0005076	206
40.7233604	-74.0012686	143
40.7226052	-73.9997327	150
40.7260803	-74.0032394	547
40.7256869	-74.0024857	540
40.7253341	-74.0017597	357
40.7272656	-74.0022538	520
40.7268905	-74.0014919	437
40.7265306	-74.0007589	420
40.737443	-73.9847388	214
40.7379336	-73.9859073	14
40.7384229	-73.9870725	64
40.7376847	-73.9871355	440
40.7370073	-73.9855239	488
40.7364202	-73.9859475	404
40.7370989	-73.9875574	121
40.7365109	-73.9879989	149
40.7359232	-73.9884193	245
40.7353222	-73.9888685	85
40.7346458	-73.9892456	864
40.7346362	-73.987248	703
40.7358348	-73.9863742	776
40.7352485	-73.9868014	488
40.7390715	-73.988591	419
40.7384353	-73.9888972	204
40.7377989	-73.9891998	180
40.737156	-73.9895094	72
40.7359696	-73.9902719	13
40.7397322	-73.9902087	23
40.7390965	-73.9905138	108
40.7384602	-73.9908158	22
40.7378213	-73.9911183	298
40.7372183	-73.9914863	281
40.736599	-73.9919117	886
40.7359423	-73.9923939	902
40.7407877	-73.9922731	115
40.7404744	-73.992421	100
40.740059	-73.9927705	232
40.7394733	-73.9931956	159
40.7388885	-73.9936222	333
40.7383011	-73.9940492	744
40.7376881	-73.9944967	1179
40.7370251	-73.9949784	1674
40.7283096	-73.9949179	372
40.7273673	-73.9957109	906
40.7261734	-73.9967228	203
40.7283082	-73.9976521	860
40.727744	-73.9965001	900
40.7269335	-73.9982847	963
40.7271513	-73.9925366	155
40.7264847	-73.9929109	302
40.7258949	-73.9933929	258
40.7278502	-73.9939473	162
40.7273833	-73.9947335	34
40.7271036	-73.9941761	57
40.7266041	-73.9945737	97
40.726563	-73.9951292	78
40.7258298	-73.9958923	43
40.7255868	-73.9952286	117
40.7254006	-73.9948726	12
40.7252789	-73.9943271	316
40.7250518	-73.9936076	461
40.7248071	-73.9928261	165
40.744036	-73.986721	832
40.7434193	-73.9871705	391
40.7421196	-73.986017	159
40.7421979	-73.988041	3
40.7404329	-73.9879587	1001
40.7397294	-73.9882833	927
40.7403823	-73.9899053	9
40.7311944	-73.9911075	594
40.7306038	-73.9915126	1
40.7301683	-73.9920154	314
40.7302724	-73.9932426	1319
40.7289088	-73.9944024	71
40.7290497	-73.9928943	301
40.7284428	-73.991795	181
40.7446561	-73.9881556	24
40.7453099	-73.9897739	447
40.7446314	-73.9900726	600
40.7432997	-73.9887396	35
40.7439442	-73.9903618	721
40.7432604	-73.9906522	506
40.7425601	-73.9909583	81
40.7418894	-73.9914325	711
40.7412477	-73.9919039	387
40.7327967	-73.9948771	475
40.7322174	-73.9953364	750
40.7317292	-73.9957224	292
40.7312903	-73.9960544	98
40.7306356	-73.9940408	640
40.7309803	-73.9948	917
40.7298776	-73.9946856	109
40.7292933	-73.9951812	186
40.7296661	-73.9959394	207
40.7313785	-73.9933533	777
40.73195	-73.9928742	950
40.7351973	-73.9753679	212
40.7352767	-73.9760139	235
40.7358399	-73.9772402	428
40.736135	-73.9782709	217
40.7351197	-73.977316	183
40.7344469	-73.975258	215
40.7357157	-73.978443	222
40.7354471	-73.9789079	192
40.7345874	-73.9783531	444
40.734973	-73.9779631	218
40.7345671	-73.977109	221
40.7340914	-73.9772799	221
40.73505	-73.9794166	207
40.7346283	-73.9761974	221
40.7338711	-73.9759754	449
40.7337737	-73.976579	221
40.7337975	-73.975084	207
40.7331787	-73.9749676	198
40.7352647	-73.9929198	312
40.734612	-73.99344	158
40.7339843	-73.9939345	571
40.7333782	-73.9944178	1152
40.7332105	-73.9921334	396
40.7325468	-73.9924725	1173
40.7341772	-73.9903585	287
40.7346143	-73.9914221	5
40.7338976	-73.9917856	451
40.7333682	-73.9904882	267
40.7322498	-73.9907437	452
40.742068	-73.9736791	736
40.7396673	-73.9737028	1439
40.7393492	-73.9753583	156
40.7385862	-73.9728634	2106
40.7363369	-73.9954793	865
40.7356704	-73.9959602	1066
40.7350329	-73.99643	585
40.7344131	-73.9968852	722
40.7338168	-73.9973162	1364
40.7332245	-73.9977331	941
40.7321968	-73.9974685	589
40.7329218	-73.9990411	248
40.7386913	-73.9817834	1220
40.7380265	-73.9822693	710
40.7373837	-73.9827368	1095
40.7367826	-73.9831748	431
40.7361967	-73.9836003	691
40.736401	-73.9804167	944
40.7357927	-73.9808444	87
40.7352126	-73.9812835	347
40.7370345	-73.9799488	1587
40.7377089	-73.9794696	978
40.7322734	-73.999573	371
40.7316745	-74.0000425	986
40.7310639	-74.0005216	244
40.7305507	-73.9994832	1
40.730883	-73.9975896	5
40.7301758	-73.9987212	28
40.7305181	-74.0009256	84
40.7296132	-74.0002788	1024
40.7301065	-74.0016157	167
40.729697	-74.0012412	373
40.7288612	-74.0020474	331
40.728414	-74.0012914	198
40.7280407	-74.0005339	724
40.7276791	-73.9997945	505
40.7292406	-73.9995207	524
40.7288747	-73.9987838	637
40.7418066	-73.9795133	1181
40.740889	-73.9792667	410
40.7413628	-73.980386	832
40.7407405	-73.9808312	743
40.7402656	-73.979709	770
40.7399503	-73.9808649	1257
40.7393326	-73.9813156	1235
40.7383611	-73.9790102	1077
40.738979	-73.9785564	1573
40.7399341	-73.9769951	551
40.740435	-73.978194	555
40.7398158	-73.9786269	299
40.7408288	-73.9772113	1257
40.7323018	-74.0026648	502
40.7317375	-74.0022682	638
40.7310521	-74.0019922	444
40.7298328	-74.0030404	331
40.7293739	-74.0045209	360
40.7288057	-74.0041453	362
40.7291503	-74.0029091	433
40.7284966	-74.0030365	1
40.732046	-74.0035973	2
40.7315698	-74.0036537	148
40.7309576	-74.0036679	231
40.73095	-74.0044363	40
40.7304957	-74.0044837	10
40.7299775	-74.0045233	162
40.7303851	-74.0033867	335
40.7319267	-74.0043099	157
40.731592	-74.0053187	78
40.7312075	-74.0057676	562
40.7314442	-74.0043903	96
40.7305366	-74.0057034	524
40.7298078	-74.0059137	45
40.7426762	-73.9834952	158
40.7420579	-73.9839449	537
40.7408215	-73.9848452	514
40.7401795	-73.9853137	462
40.7395137	-73.9857989	314
40.7381929	-73.9846547	719
40.738871	-73.9862652	537
40.7395018	-73.9837061	1939
40.7388357	-73.9841897	276
40.7407616	-73.9827867	459
40.7401435	-73.9832368	262
40.741998	-73.981886	806
40.7414841	-73.9825866	441
40.7411484	-73.981785	190
40.732329	-74.0070663	45
40.7322943	-74.008158	799
40.7322347	-74.0093825	264
40.731583	-74.0095583	349
40.7314734	-74.0083794	384
40.7313626	-74.0072951	114
40.7306447	-74.007452	10
40.7307548	-74.0085499	61
40.73086	-74.0096645	434
40.7301247	-74.0098295	2
40.7299215	-74.007608	297
40.7449121	-73.9772374	1318
40.7442669	-73.977696	1078
40.7436489	-73.9781329	771
40.7430382	-73.9785904	632
40.7414544	-73.9767471	792
40.7424227	-73.9790481	933
40.7422762	-73.9763811	779
40.7429596	-73.9754501	1102
40.7439368	-73.9749351	1466
40.7376108	-73.9985102	840
40.7369486	-73.9989937	1378
40.7363067	-73.9994593	236
40.7354698	-73.9996723	361
40.7360957	-74.0011233	13
40.7362045	-74.0015773	57
40.7355237	-74.0010992	321
40.7348937	-74.000819	563
40.7342675	-74.0005542	468
40.73353	-74.0000752	111
40.7336517	-74.0007611	216
40.7336821	-74.0013594	9
40.733062	-74.0012174	620
40.7323523	-74.0012751	236
40.7470863	-73.9802873	1064
40.7464295	-73.9807889	672
40.7451477	-73.9816932	433
40.744531	-73.9821436	525
40.7439135	-73.9825933	467
40.7432952	-73.9830437	357
40.7438522	-73.9805334	503
40.7432347	-73.9809842	839
40.742617	-73.9814358	466
40.7450882	-73.9796339	512
40.7444703	-73.9800832	1247
40.74573	-73.9791652	676
40.7463971	-73.9786798	903
40.7355433	-74.0055219	277
40.7348712	-74.0054828	229
40.7342021	-74.0054455	363
40.7335399	-74.0053841	707
40.7329634	-74.0049422	566
40.7327154	-74.0060336	62
40.7320101	-74.0059252	397
40.7323791	-74.0045424	361
40.7344544	-74.0038595	591
40.733822	-74.0036482	378
40.7332867	-74.003579	177
40.732795	-74.0035186	21
40.7328939	-74.0027998	223
40.7357451	-74.0042356	438
40.7350996	-74.004044	304
40.7359739	-74.0026445	210
40.7353386	-74.0025221	356
40.735244	-74.0017463	20
40.7347058	-74.0018398	192
40.7346787	-74.0026154	84
40.734106	-74.0027197	2
40.734042	-74.0019677	257
40.7477784	-73.9819178	582
40.7471253	-73.9844703	569
40.7465067	-73.9849219	18
40.7471013	-73.9823913	963
40.7464475	-73.9828637	156
40.7458293	-73.9833118	213
40.7452118	-73.9837602	364
40.7458903	-73.9853692	135
40.7452735	-73.9858198	272
40.7445945	-73.9842102	281
40.7439765	-73.9846612	111
40.7446545	-73.9862707	655
40.734551	-74.0077679	341
40.7345185	-74.0092506	75
40.7336231	-74.0093096	87
40.7338502	-74.0078873	422
40.7331257	-74.0080185	161
40.7329251	-74.0092139	428
40.7328071	-74.01	10
40.7341613	-74.0092681	141
40.7359671	-74.0075255	435
40.7357492	-74.0091299	421
40.7350449	-74.0091917	461
40.7352599	-74.0076473	304
40.7361283	-74.0063105	134
40.7354211	-74.0064529	169
40.7347134	-74.0065986	212
40.7340123	-74.0067462	224
40.733305	-74.006898	134
40.7494432	-73.9859326	46
40.7487635	-73.9863712	1207
40.7480631	-73.9866813	14
40.7473854	-73.9869787	397
40.7467035	-73.9872726	182
40.7473569	-73.9888924	8
40.745994	-73.9894817	73
40.7453374	-73.9878611	222
40.7460213	-73.9875669	128
40.7387953	-74.0012848	916
40.7379472	-74.0012673	241
40.7384183	-74.0029805	705
40.7378643	-74.0029245	414
40.7399354	-74.0039981	700
40.739618	-74.0048487	32
40.7390379	-74.0035744	63
40.7384509	-74.0047313	446
40.7378673	-74.0050552	315
40.7377893	-74.0042139	72
40.7370921	-74.0045691	706
40.7363977	-74.0044182	325
40.7362976	-74.0055611	77
40.7372951	-74.0027522	391
40.7366239	-74.0028329	364
40.7367899	-74.0016565	199
40.7478995	-73.9745066	1105
40.7483728	-73.9756287	38
40.7475417	-73.9747759	52
40.7480109	-73.9758807	135
40.7477043	-73.9761124	273
40.7472293	-73.9749904	71
40.7470182	-73.9760849	221
40.746486	-73.9753355	339
40.7460457	-73.975857	698
40.7465207	-73.9769836	580
40.7458951	-73.977472	87
40.7454125	-73.9763593	695
40.7444778	-73.9741271	566
40.7465616	-73.9724522	1291
40.7468064	-73.9738419	441
40.7469288	-73.972206	1020
40.747429	-73.9733919	779
40.7409442	-74.0064223	7
40.7390704	-74.0088878	558
40.7397119	-74.0073488	5
40.7384576	-74.0089165	388
40.7378557	-74.0089507	333
40.7372633	-74.0089992	261
40.7365268	-74.0090897	601
40.7390719	-74.0072583	116
40.7384472	-74.0072973	281
40.7378452	-74.0073291	172
40.7372545	-74.0073613	219
40.7366335	-74.0074798	418
40.740463	-74.0054443	18
40.7390882	-74.005947	89
40.7384513	-74.0060036	428
40.7378496	-74.0060586	128
40.7372514	-74.0061125	290
40.7367082	-74.0062112	130
40.7495105	-73.976409	219
40.7488923	-73.9768616	685
40.7501902	-73.9780224	147
40.7495708	-73.9784703	460
40.748953	-73.978921	596
40.7470384	-73.9782123	710
40.7482744	-73.9773127	666
40.7476564	-73.9777621	685
40.7483345	-73.979371	601
40.7477172	-73.9798205	608
40.7401641	-73.9966522	755
40.7395776	-73.9970806	941
40.7413621	-73.9994953	537
40.7407746	-73.9999207	1082
40.7389632	-73.9975276	922
40.7383007	-73.9980129	1359
40.7401615	-74.0003664	1519
40.7394982	-74.0008533	932
40.752131	-73.9787223	2
40.7528098	-73.98033	14
40.7521683	-73.9807952	5
40.7515505	-73.9812485	208
40.750253	-73.9800909	359
40.7509303	-73.9816982	101
40.7496341	-73.9805379	366
40.750313	-73.982149	214
40.749696	-73.9825976	531
40.7490172	-73.9809887	336
40.7484	-73.981439	823
40.7490774	-73.9830496	303
40.7425582	-74.0023356	392
40.7419734	-74.0027675	526
40.7407991	-74.0035638	537
40.7405212	-74.0038119	315
40.7437545	-74.0051766	737
40.7431704	-74.0056093	1585
40.7535188	-73.9829674	1
40.7525652	-73.9836555	156
40.7519475	-73.98411	34
40.7513296	-73.9845613	626
40.7507121	-73.9850116	528
40.7504913	-73.9861171	18
40.7498135	-73.9850088	232
40.746367	-73.9696933	1
40.7457112	-73.9712395	617
40.745124	-73.9717494	739
40.7444881	-73.9721708	7
40.7438139	-73.9725868	1254
40.7556142	-73.9634694	1544
40.7548526	-73.9635313	962
40.7542555	-73.9641342	896
40.7530973	-73.9642068	115
40.7539085	-73.9652532	491
40.7533361	-73.9656769	349
40.7524536	-73.9656743	442
40.7425237	-73.9949367	657
40.7419214	-73.9953719	850
40.7413353	-73.9957987	643
40.7407507	-73.9962284	220
40.7425336	-73.998641	1010
40.7419477	-73.9990681	923
40.7437204	-73.9977759	1123
40.7431184	-73.9982144	912
40.7512802	-73.9726093	251
40.7499612	-73.9735697	4
40.7497838	-73.97107	112
40.7492864	-73.9698824	407
40.7491366	-73.9736042	915
40.7485187	-73.9740545	506
40.7484697	-73.9720347	1191
40.7480483	-73.9729382	827
40.7503076	-73.9703026	954
40.7486217	-73.9703863	405
40.7491146	-73.9715579	681
40.7479721	-73.9708714	773
40.7443159	-74.0010568	660
40.7437303	-74.0014825	825
40.7431442	-74.0019093	566
40.7449257	-74.0043249	719
40.7443397	-74.00475	1045
40.7461148	-74.0034599	601
40.745512	-74.0039001	101
40.7449179	-74.0006176	1191
40.7525336	-73.9716928	418
40.7519068	-73.9721539	791
40.7509357	-73.96984	309
40.7515603	-73.9693695	1905
40.7527595	-73.9684628	981
40.7521506	-73.9689567	230
40.7534282	-73.9680111	1401
40.7544092	-73.9703256	329
40.7537716	-73.9707796	253
40.7531562	-73.9712549	1266
40.7450942	-73.993066	473
40.744656	-73.9934526	120
40.7443095	-73.993573	416
40.7438322	-73.9939813	580
40.7431659	-73.9944674	872
40.7462939	-73.9959071	998
40.7458249	-73.9963645	844
40.7454768	-73.9963559	194
40.745026	-73.9968228	935
40.7443631	-73.9973072	872
40.7552193	-73.9722477	338
40.7523974	-73.9781089	3
40.7537839	-73.9759485	7
40.7526253	-73.9758766	2
40.7533428	-73.973618	309
40.7545935	-73.9727055	492
40.7520908	-73.9745306	530
40.7527161	-73.974074	125
40.7474896	-73.998751	550
40.7470481	-74.000026	605
40.7465506	-73.998697	642
40.7461454	-73.9997205	407
40.7455608	-74.0001495	955
40.7472443	-74.0026328	1044
40.747578	-74.0024016	1080
40.7480604	-74.0020418	892
40.7482197	-74.0005182	594
40.7485474	-74.0012188	529
40.74898	-74.0023107	693
40.7467579	-74.0029899	789
40.7565803	-73.975471	8
40.7566315	-73.9775361	54
40.7547535	-73.9789056	7
40.7541306	-73.9793637	2
40.7529487	-73.9785792	2
40.7475644	-73.9912627	106
40.7469465	-73.9917129	238
40.7463282	-73.992165	276
40.7457105	-73.9926136	614
40.7487625	-73.9941071	216
40.7481444	-73.9945509	157
40.7469131	-73.9954569	1433
40.757651	-73.9799526	96
40.7570255	-73.9804137	17
40.756397	-73.9808647	15
40.7557762	-73.9813282	22
40.7551478	-73.9817794	5
40.7493997	-73.9973409	577
40.7489255	-73.9991844	1119
40.7480552	-73.9970511	615
40.7496135	-74.0009098	1010
40.7485963	-73.9981152	607
40.7499733	-73.9969554	1296
40.7575461	-73.9680502	847
40.7569174	-73.9684979	426
40.7562909	-73.9689579	506
40.7556647	-73.9694138	469
40.7550369	-73.9698695	590
40.7540611	-73.9675648	926
40.7565696	-73.9657376	1139
40.7559469	-73.9661982	658
40.7553181	-73.9666529	924
40.7546908	-73.9671088	831
40.7571414	-74.0002346	10
40.7565269	-73.9988359	4
40.7571091	-73.998273	47
40.7548497	-74.0008073	5
40.7523565	-74.0026014	85
40.7485573	-74.0090455	4
40.7453711	-74.0071751	74
40.7517347	-74.0030769	113
40.7511169	-74.003529	77
40.7504988	-74.003981	4
40.7466644	-74.0066194	9
40.7473033	-74.0062719	53
40.7479552	-74.0058279	316
40.7492662	-74.0048831	4
40.7555177	-74.0003237	3
40.748622	-74.0053516	969
40.7460194	-74.0069012	168
40.7602811	-73.9706608	162
40.7596554	-73.9711181	325
40.759028	-73.9715727	4
40.7571529	-73.9729442	97
40.7565256	-73.9734001	6
40.7596008	-73.9690522	586
40.7589768	-73.9695081	347
40.7583508	-73.969964	96
40.7577245	-73.9704218	126
40.7571008	-73.9708791	43
40.7564752	-73.971336	138
40.7558461	-73.971789	62
40.751255	-73.9922846	9
40.7506197	-73.9926996	57
40.7500406	-73.9932212	35
40.7493821	-73.9936499	155
40.7481876	-73.9908177	16
40.7488017	-73.9903573	844
40.760963	-73.9722753	6
40.7616408	-73.9738835	15
40.7610152	-73.9743411	8
40.760336	-73.9727304	30
40.7590862	-73.973646	12
40.7591378	-73.9757111	145
40.7585125	-73.9761675	14
40.7524558	-73.9951262	930
40.7534527	-73.9974833	502
40.7515611	-73.9987198	5
40.7505819	-73.9964721	612
40.7511991	-73.9959852	9
40.7626563	-73.9762969	537
40.7620321	-73.9767579	297
40.7614066	-73.9772162	129
40.7607797	-73.9776696	3
40.7588264	-73.9610787	1106
40.7581727	-73.9615527	1069
40.7574991	-73.9620407	1360
40.7568479	-73.9625152	1152
40.7562277	-73.9629819	1498
40.7582073	-73.9596181	271
40.7575154	-73.9599658	24
40.7568359	-73.9604665	62
40.7561973	-73.9609457	481
40.7557063	-73.961448	328
40.761956	-73.9587971	1545
40.7612245	-73.9589968	955
40.7616928	-73.9601305	264
40.7607	-73.9597118	265
40.7600709	-73.960165	816
40.7606836	-73.9576857	1030
40.7596319	-73.9629874	488
40.7601272	-73.9641743	293
40.7589785	-73.9634671	868
40.7594784	-73.96465	462
40.7584718	-73.9643545	1415
40.7578206	-73.9648247	801
40.7571947	-73.9652853	1101
40.7607662	-73.9656889	479
40.7601178	-73.9661666	1104
40.7594434	-73.9666585	653
40.7587924	-73.9671324	665
40.7581663	-73.9675869	710
40.7522799	-73.9867813	12
40.7531852	-73.9908863	168
40.7521794	-73.988522	3
40.7638977	-73.9634094	1472
40.7632725	-73.9638645	851
40.7626458	-73.9643209	510
40.7620188	-73.9647755	525
40.7613919	-73.9652321	493
40.7629251	-73.961105	1132
40.7620942	-73.9610726	517
40.7625929	-73.962256	210
40.7614652	-73.9615257	533
40.761965	-73.962708	293
40.7613143	-73.96314	355
40.7608337	-73.9619523	277
40.7604234	-73.9629309	1
40.7550002	-73.9932768	730
40.7543839	-73.993715	165
40.7537701	-73.9941741	475
40.7531229	-73.9946421	315
40.7546416	-73.9962333	80
40.7552967	-73.9977584	199
40.7547177	-73.9983941	460
40.7543646	-73.9976483	117
40.7539992	-73.9967108	141
40.7557246	-73.9950321	35
40.7564672	-73.9967604	269
40.7558509	-73.9972083	214
40.7551597	-73.9956486	312
40.7648052	-73.9751822	522
40.7639874	-73.9753151	166
40.763308	-73.9758284	304
40.7629383	-73.9708345	185
40.7629708	-73.9729188	9
40.7622905	-73.9734093	115
40.762287	-73.9713091	132
40.7615767	-73.9676133	109
40.7609277	-73.9680867	418
40.7602533	-73.9685788	354
40.7622572	-73.969222	38
40.7616072	-73.9696968	388
40.760931	-73.9701867	94
40.7550407	-73.9895338	36
40.7544225	-73.9899864	2
40.7529466	-73.9864533	79
40.7654397	-73.9690078	292
40.7648143	-73.9694642	168
40.7641925	-73.9699228	201
40.7635657	-73.970375	194
40.766117	-73.9706162	146
40.7654925	-73.9710711	319
40.7648679	-73.971525	16
40.7642445	-73.9719834	76
40.7640818	-73.965785	429
40.7634553	-73.9662422	386
40.7628292	-73.9666993	529
40.7622022	-73.9671561	1
40.7647593	-73.9673942	332
40.7641337	-73.9678515	247
40.7635084	-73.9683033	218
40.7628856	-73.9687647	255
40.7575041	-73.9914186	763
40.7568826	-73.9919316	27
40.7562378	-73.9923709	215
40.7556173	-73.992822	258
40.7584031	-73.9935045	505
40.7589947	-73.9949414	73
40.7583396	-73.9953792	167
40.7577572	-73.9939565	98
40.7571009	-73.9944176	121
40.7564723	-73.9947428	76
40.7650792	-73.9565137	651
40.76383	-73.9574303	513
40.7624537	-73.9557716	128
40.7632038	-73.9578823	1251
40.7625777	-73.958339	1000
40.7594691	-73.9961545	758
40.7610928	-73.9999931	2601
40.7588683	-73.9967331	5
40.7657702	-73.9620479	1468
40.7668989	-73.9608243	1022
40.7673739	-73.9619407	287
40.7663996	-73.9615807	822
40.7660544	-73.9588228	820
40.764802	-73.9597348	937
40.764177	-73.9601931	847
40.7635527	-73.9606531	1392
40.7651411	-73.962494	399
40.7645228	-73.9629518	773
40.7576798	-73.9839037	54
40.7570381	-73.9843111	2
40.7563765	-73.9846912	389
40.7588976	-73.9868024	1
40.7576223	-73.9876534	673
40.7569717	-73.9881239	1
40.7672095	-73.9635013	349
40.7665762	-73.9639576	546
40.7659554	-73.9644241	230
40.7653333	-73.9648718	253
40.7647075	-73.9653285	382
40.7666377	-73.9660258	193
40.7660118	-73.9664825	272
40.7653853	-73.966938	293
40.7684623	-73.9625883	419
40.7691413	-73.9641998	212
40.7678889	-73.9651132	189
40.7672628	-73.9655691	86
40.767836	-73.9630449	547
40.758818	-73.990491	343
40.7581685	-73.9909651	1174
40.7593649	-73.9938072	2625
40.760015	-73.993334	879
40.7594444	-73.9900358	463
40.7606404	-73.9928779	914
40.7600752	-73.9895802	1259
40.7610563	-73.9919047	605
40.7616478	-73.9933299	292
40.7698229	-73.9658144	256
40.7691955	-73.9662713	78
40.7685696	-73.9667265	204
40.7679432	-73.967183	344
40.7673172	-73.9676398	380
40.7666908	-73.968096	350
40.7660647	-73.968552	252
40.76862	-73.9687909	234
40.7679948	-73.9692474	80
40.7673696	-73.9697024	122
40.7667422	-73.9701585	125
40.7704971	-73.967416	401
40.769871	-73.9678735	397
40.7692479	-73.9683348	410
40.7673167	-73.951758	321
40.7683276	-73.954145	1393
40.7676691	-73.9546245	1666
40.7669849	-73.9551222	1792
40.7663313	-73.9556023	1660
40.7657057	-73.9560565	1026
40.766676	-73.9522839	1088
40.7660368	-73.952871	642
40.7654	-73.9533882	630
40.7615354	-73.9852949	833
40.7595516	-73.9825287	41
40.7603023	-73.9842896	48
40.7589302	-73.982991	4
40.7582983	-73.9834367	150
40.7608908	-73.9857133	675
40.76023	-73.9860957	720
40.7595635	-73.9864502	248
40.7702746	-73.9587553	909
40.7696172	-73.9592348	1090
40.768644	-73.9569321	1532
40.7689334	-73.9597334	1207
40.7681675	-73.9599489	918
40.7686389	-73.9610697	356
40.7676526	-73.9606664	1424
40.7679612	-73.9574295	1494
40.7693023	-73.9564521	1329
40.7673062	-73.9579076	1191
40.7666807	-73.9583665	1324
40.7619484	-73.9882117	1320
40.76132	-73.9886651	597
40.7606979	-73.9891211	642
40.7625188	-73.991508	747
40.7618968	-73.991963	1166
40.7637716	-73.9905953	423
40.7631455	-73.9910525	1293
40.7625731	-73.9877521	740
40.7729866	-73.9592871	829
40.7723523	-73.9597505	502
40.7717183	-73.9602135	580
40.7697423	-73.9616535	458
40.7690874	-73.9621321	367
40.771105	-73.9627672	343
40.7704222	-73.9632641	617
40.7697679	-73.9637422	210
40.7736661	-73.9608975	4
40.7730313	-73.9613611	491
40.7723965	-73.9618237	452
40.7717628	-73.9622858	281
40.7710853	-73.960677	536
40.7704277	-73.9611584	600
40.7641493	-73.9973161	1
40.7644853	-73.9942393	320
40.7649691	-73.993438	978
40.7632591	-73.9932725	209
40.7638603	-73.9946924	424
40.7632278	-73.9951376	452
40.7626403	-73.9937078	300
40.7619981	-73.99416	152
40.7625992	-73.9955782	145
40.7623387	-73.9988192	1
40.7617375	-73.9994305	571
40.760719	-73.9970152	2290
40.7613598	-73.9965234	3
40.7607567	-73.9951031	160
40.7601151	-73.9955986	32
40.7743463	-73.962513	347
40.7737114	-73.962976	383
40.7730765	-73.9634382	257
40.7724422	-73.9639006	332
40.7717837	-73.9643802	347
40.7711022	-73.9648786	375
40.7704484	-73.9653537	323
40.7731185	-73.9655049	301
40.7724613	-73.9659867	305
40.7717797	-73.9664854	286
40.7711257	-73.9669641	34
40.7750233	-73.9641177	193
40.7743887	-73.9645806	328
40.773753	-73.9650427	384
40.7626826	-73.9802477	419
40.7608092	-73.981617	191
40.7621725	-73.9848576	337
40.7634958	-73.9821498	194
40.7640868	-73.9835776	612
40.7634441	-73.9839899	526
40.7628068	-73.984422	537
40.7715244	-73.951811	1645
40.7700855	-73.9504314	530
40.7708653	-73.9522906	897
40.7702321	-73.952755	1133
40.7695977	-73.9532161	879
40.7689623	-73.9536792	1199
40.7704211	-73.9492134	1552
40.7709884	-73.9505288	162
40.7692984	-73.9499422	1685
40.7685811	-73.9507978	756
40.7679508	-73.9512782	152
40.7629327	-73.9866468	688
40.7638262	-73.9868409	759
40.7635193	-73.9880749	750
40.7650223	-73.9896819	598
40.7643977	-73.9901402	698
40.7662759	-73.9887721	384
40.7656489	-73.9892262	819
40.7650793	-73.98593	704
40.7644534	-73.9863832	808
40.7728098	-73.9569044	1170
40.772176	-73.9573663	892
40.7724969	-73.9541201	1670
40.7734685	-73.9564242	918
40.7712048	-73.9550628	1142
40.7715422	-73.9578299	490
40.7709085	-73.958293	926
40.7705713	-73.9555269	1361
40.7699368	-73.9559889	1624
40.7718389	-73.9546016	981
40.7712354	-73.9925814	863
40.7705166	-73.9929272	1
40.7700513	-73.9897329	148
40.7691587	-73.9896532	57
40.768403	-73.9898632	1086
40.7676928	-73.9901729	323
40.7682801	-73.9915989	1213
40.7668464	-73.9920702	853
40.766221	-73.992526	1258
40.7672253	-73.9948885	72
40.7657145	-73.9932669	14
40.7651197	-73.991844	708
40.7747699	-73.9494426	1296
40.7741346	-73.9499051	1125
40.7734997	-73.9503675	1515
40.7729418	-73.9505473	396
40.7727911	-73.9510994	1176
40.7712342	-73.9490075	1677
40.7722057	-73.9513108	1158
40.7719156	-73.9465484	415
40.7712754	-73.9470809	170
40.7724907	-73.9459596	594
40.7730869	-73.9454575	485
40.7706304	-73.9475748	59
40.7718932	-73.9485289	1448
40.7725278	-73.9480644	1325
40.7737984	-73.9471384	1196
40.7731638	-73.9476029	1309
40.765936	-73.9778891	1081
40.76526	-73.9783707	681
40.766108	-73.9825266	557
40.7654058	-73.9828524	194
40.7647388	-73.9832032	391
40.7641552	-73.981769	176
40.7670229	-73.9804577	936
40.7662893	-73.9807804	263
40.7645833	-73.9788612	535
40.7655416	-73.9810945	422
40.763934	-73.9793335	907
40.7633091	-73.9797878	328
40.7767138	-73.9540558	843
40.775446	-73.9549809	1451
40.7748107	-73.9554445	1070
40.7751079	-73.9522124	791
40.7760795	-73.9545176	796
40.7744741	-73.9526762	1226
40.7757439	-73.9517524	1499
40.7740996	-73.9533301	403
40.773613	-73.9529743	738
40.7731796	-73.9536213	1825
40.7741518	-73.9559258	1802
40.7688546	-73.9868885	1399
40.7681791	-73.987383	969
40.7675283	-73.9878538	590
40.7669022	-73.9883122	762
40.765704	-73.985472	1489
40.7663306	-73.9850131	1364
40.7669806	-73.984542	1146
40.7676559	-73.984046	1538
40.7775242	-73.9559772	997
40.7768902	-73.9564401	492
40.7762558	-73.9569028	816
40.7756211	-73.9573663	388
40.7749628	-73.9578462	814
40.7742802	-73.958344	512
40.7736215	-73.9588252	499
40.7749597	-73.9599548	493
40.7743007	-73.9604347	244
40.776934	-73.9585125	480
40.7762999	-73.9589766	590
40.7756417	-73.9594565	270
40.7782032	-73.9575867	616
40.7775688	-73.95805	602
40.778884	-73.9592016	144
40.7782488	-73.9596637	419
40.777615	-73.9601283	179
40.7769799	-73.9605904	476
40.7763222	-73.9610714	429
40.7756393	-73.9615689	379
40.7749809	-73.9620502	365
40.7769985	-73.9626782	322
40.7763157	-73.9631766	59
40.7756568	-73.9636555	203
40.7782918	-73.9617342	217
40.7776574	-73.9621982	387
40.7795698	-73.9608071	383
40.7789274	-73.9612709	500
40.7949854	-73.9528949	7
40.7985966	-73.9541658	3
40.7997298	-73.9568652	2
40.7991314	-73.9587176	5
40.7765574	-73.9701736	5
40.773594	-73.9676953	2
40.7704881	-73.9697548	1
40.7750903	-73.946195	1063
40.7760611	-73.9484969	1572
40.7744333	-73.9466768	1113
40.7754041	-73.9489799	1116
40.7767406	-73.9480015	1263
40.7773927	-73.9475254	796
40.7766592	-73.9438529	284
40.7771589	-73.9450274	674
40.7764196	-73.9452236	1222
40.7757725	-73.9453271	298
40.7757657	-73.9460486	658
40.7780195	-73.9470663	1548
40.7710766	-73.9852818	1088
40.7701354	-73.9859655	983
40.7695049	-73.9864164	1238
40.7698949	-73.9814553	229
40.7704662	-73.9829012	478
40.7697247	-73.9830978	685
40.7690754	-73.9817031	90
40.7686629	-73.9835289	751
40.7780077	-73.9531127	1134
40.7770353	-73.9508073	837
40.7773497	-73.9535932	892
40.7763788	-73.951289	1411
40.7792567	-73.9519425	829
40.7797164	-73.9530711	640
40.7786855	-73.9526157	1644
40.7789952	-73.9493811	990
40.7799665	-73.9516835	1163
40.7783661	-73.949835	981
40.7777136	-73.950311	1657
40.771959	-73.988347	853
40.7713291	-73.988798	1902
40.7781592	-73.9555137	932
40.7788378	-73.9571238	534
40.7788177	-73.955033	809
40.7794963	-73.9566431	588
40.7820337	-73.9526901	857
40.7814057	-73.9531471	917
40.7807772	-73.9536038	606
40.7801483	-73.9540622	579
40.7794966	-73.9545385	464
40.7814552	-73.9552135	605
40.7808273	-73.9556703	830
40.7827095	-73.9542978	624
40.782083	-73.9547557	746
40.7801758	-73.9561472	838
40.7739572	-73.9834369	790
40.7711917	-73.9827084	385
40.7726959	-73.9803898	1100
40.7720544	-73.980798	1214
40.7713341	-73.9810197	1129
40.7706159	-73.9812408	1224
40.7801767	-73.9582573	762
40.7795177	-73.9587374	333
40.780853	-73.9598651	772
40.7801994	-73.9603361	427
40.7833903	-73.9559113	459
40.7827637	-73.9563699	703
40.7821362	-73.9568286	843
40.7815084	-73.9572867	710
40.7808567	-73.957761	622
40.7821846	-73.9588919	594
40.7815347	-73.9593688	677
40.7840687	-73.9575208	139
40.7834436	-73.9579775	314
40.7828134	-73.9584364	376
40.773807	-73.9869716	1317
40.7728893	-73.9876677	1940
40.7744479	-73.9865454	680
40.7742406	-73.9908081	1400
40.7748964	-73.9887698	2969
40.7821198	-73.9449591	481
40.7813759	-73.9451373	895
40.780388	-73.9448161	1045
40.7807529	-73.9458884	525
40.7799122	-73.9457021	1176
40.7792793	-73.9461374	984
40.7786484	-73.946612	1230
40.7776753	-73.94431	939
40.7762556	-73.9810417	881
40.7768085	-73.9824803	305
40.7755443	-73.9812876	823
40.7761093	-73.9827223	1090
40.7748321	-73.9815307	304
40.7753976	-73.9829678	1069
40.7741253	-73.9817673	310
40.7746844	-73.9832045	1074
40.7751936	-73.9785573	951
40.7745673	-73.9790155	1166
40.7739415	-73.9794705	975
40.7733212	-73.9799287	372
40.7808766	-73.9480047	1041
40.7818483	-73.9503094	2295
40.7821299	-73.947084	1161
40.781504	-73.9475469	1728
40.7824754	-73.9498502	1162
40.7802501	-73.9484642	1304
40.7796221	-73.9489214	1375
40.7812228	-73.9507691	1052
40.7805973	-73.9512297	1153
40.7831032	-73.9493905	1478
40.7788204	-73.9886761	1169
40.778995	-73.9877615	94
40.7782484	-73.9881102	139
40.7772913	-73.988512	1357
40.778632	-73.9863861	761
40.777683	-73.9869606	1112
40.7765728	-73.9876368	651
40.7766514	-73.9849197	4067
40.7834056	-73.9461476	981
40.7827583	-73.9466274	863
40.7837298	-73.9489317	780
40.7842946	-73.9482507	2721
40.7850547	-73.9449546	107
40.7860293	-73.9472604	1066
40.7850614	-73.9479528	1125
40.7778143	-73.9766457	1174
40.7767028	-73.976051	126
40.7773008	-73.9774712	1499
40.7764716	-73.9776191	1812
40.7758195	-73.9781004	891
40.7790102	-73.9794824	1196
40.7783505	-73.9799594	1159
40.7776599	-73.9804653	1385
40.7769252	-73.9807418	1509
40.7851917	-73.9503773	110
40.7845412	-73.950854	676
40.7839137	-73.9513112	689
40.7832855	-73.95177	599
40.7826583	-73.9522298	800
40.7845915	-73.9529225	662
40.7839631	-73.953379	615
40.7833367	-73.9538391	312
40.7858703	-73.951987	703
40.7852195	-73.9524643	484
40.7858614	-73.9496955	1171
40.7865441	-73.9514923	944
40.7858924	-73.9504243	121
40.7865242	-73.9494079	791
40.7871985	-73.9510206	319
40.7811371	-73.9845031	829
40.7804313	-73.9848712	713
40.7803586	-73.9870542	250
40.779895	-73.9857181	1263
40.7797063	-73.9873931	790
40.7791735	-73.9860821	941
40.7797801	-73.9812545	55
40.7800959	-73.9821022	608
40.780557	-73.9831578	611
40.7790791	-73.9816046	1
40.7796452	-73.9830479	1169
40.7788854	-73.9833708	969
40.7782105	-73.9837905	1424
40.7865505	-73.9536037	866
40.7858995	-73.9540795	4
40.7852711	-73.9545359	603
40.7846444	-73.9549956	318
40.784017	-73.9554522	264
40.7859509	-73.9561405	306
40.7853247	-73.9566031	253
40.784694	-73.9570628	200
40.7872303	-73.9552162	558
40.7865748	-73.9556866	372
40.7872248	-73.9531109	777
40.787906	-73.9547221	854
40.7878782	-73.9526378	977
40.7885548	-73.9542415	523
40.7815585	-73.9776349	505
40.7811574	-73.978053	260
40.7807698	-73.9781058	345
40.7797307	-73.975235	1001
40.779083	-73.9757168	1023
40.7784483	-73.9761816	989
40.7796453	-73.9790214	1224
40.7802792	-73.9785572	1090
40.7915716	-73.9370251	1601
40.7905139	-73.9381041	1614
40.7887495	-73.9391484	1467
40.7875345	-73.9407475	1542
40.787829	-73.9396403	743
40.787005	-73.9393015	518
40.7860455	-73.9410527	992
40.7858782	-73.9420655	691
40.7844048	-73.9432114	140
40.7833464	-73.9862161	19
40.7837001	-73.9827506	905
40.7830928	-73.9832666	570
40.7824629	-73.9837188	955
40.781799	-73.9841293	634
40.7830749	-73.9812713	340
40.7824025	-73.9816519	516
40.7817249	-73.9820082	849
40.7810402	-73.9823532	592
40.7824896	-73.9798469	451
40.781822	-73.9802209	411
40.7811433	-73.980578	136
40.7804635	-73.9809216	246
40.788501	-73.9424373	564
40.7878752	-73.9429001	560
40.7872485	-73.9433518	876
40.7866246	-73.9438132	665
40.7859912	-73.9442754	457
40.7879638	-73.9450837	300
40.7882486	-73.9458019	302
40.7884448	-73.9463935	300
40.7873652	-73.9468142	305
40.7868812	-73.9458429	328
40.7872306	-73.9453735	262
40.7891543	-73.9449776	1208
40.7829636	-73.9728771	1373
40.7828905	-73.9766563	1629
40.7822071	-73.9771515	1458
40.7841723	-73.975707	877
40.7835452	-73.9761874	1065
40.7909131	-73.9461988	268
40.7902867	-73.9466614	466
40.7896569	-73.9471162	535
40.7890313	-73.9475808	599
40.7884048	-73.9480319	1049
40.787776	-73.9484914	541
40.7903423	-73.9487257	1076
40.7897037	-73.9491492	525
40.7915969	-73.9478091	351
40.7909683	-73.9482659	463
40.7890562	-73.9495759	420
40.7878272	-73.9505612	507
40.7871484	-73.9489521	517
40.786268	-73.9806354	797
40.7861822	-73.983836	34
40.7856119	-73.9810834	246
40.7849848	-73.9816109	512
40.7843358	-73.9821927	802
40.7857258	-73.9793716	558
40.7850931	-73.9798377	582
40.7844373	-73.9803218	290
40.7837555	-73.9808235	172
40.7851262	-73.9779519	621
40.7844944	-73.9784189	764
40.7838368	-73.9789047	359
40.7831543	-73.9794015	827
40.7926145	-73.9491775	823
40.7913368	-73.9501101	894
40.7897475	-73.9512094	1491
40.7910693	-73.9524072	185
40.7898094	-73.9533246	988
40.793608	-73.9505556	728
40.7929532	-73.9510362	461
40.7916982	-73.951949	105
40.785549	-73.971004	1244
40.7848895	-73.9714834	1202
40.7867453	-73.9738444	1481
40.7860866	-73.9743242	307
40.7854533	-73.9747869	550
40.784818	-73.9752489	996
40.7842555	-73.9719473	1076
40.7836216	-73.9724099	1252
40.7924181	-73.9426153	517
40.7916805	-73.9439032	523
40.7912412	-73.9427456	515
40.7907588	-73.9438017	420
40.7901015	-73.944282	667
40.7897867	-73.9414967	879
40.7891329	-73.941979	822
40.7907291	-73.9397035	260
40.7912567	-73.9407626	1338
40.7909011	-73.9418873	259
40.7906935	-73.94143	287
40.7902908	-73.9405348	2
40.791727	-73.9400749	1366
40.7876629	-73.9760262	986
40.787017	-73.9765364	630
40.7863924	-73.9770161	853
40.7857607	-73.9774854	642
40.7863626	-73.9789077	200
40.7882656	-73.9774431	540
40.7876201	-73.9779528	746
40.7869945	-73.9784379	364
40.7883891	-73.9797711	955
40.7876908	-73.9800771	1075
40.7869735	-73.9803427	785
40.7890697	-73.9793571	1213
40.7954183	-73.9429118	432
40.7960986	-73.9445253	102
40.7954593	-73.9449956	444
40.7947845	-73.9433763	380
40.794827	-73.9454437	823
40.7942072	-73.9459055	759
40.7935767	-73.9463657	313
40.7929228	-73.9468403	225
40.7922493	-73.9473326	108
40.7928985	-73.9447538	291
40.7922453	-73.9452304	382
40.7915697	-73.9457243	328
40.7941506	-73.943834	359
40.7935244	-73.9442988	558
40.7874239	-73.9733477	1499
40.7880761	-73.9728714	863
40.7893324	-73.9719527	1026
40.7887042	-73.972413	956
40.7881379	-73.969106	1243
40.7875083	-73.9695745	836
40.7868799	-73.9700331	1047
40.7862281	-73.97051	1469
40.7955081	-73.9470689	781
40.7939189	-73.9482256	899
40.7949355	-73.9495839	1022
40.7942847	-73.9500622	1073
40.7961672	-73.9486435	433
40.7955638	-73.9491259	1040
40.7974633	-73.9477449	518
40.7968183	-73.9481502	1409
40.7961338	-73.9466054	166
40.7915314	-73.977217	920
40.7910021	-73.9778793	1067
40.7904014	-73.9783824	1490
40.789748	-73.9788582	1705
40.7908263	-73.9755065	758
40.7901998	-73.9759656	652
40.789573	-73.9764241	561
40.7889313	-73.976916	724
40.7902285	-73.9740863	733
40.7896008	-73.9745455	900
40.7889737	-73.9750045	815
40.7883282	-73.975499	495
40.7912118	-73.97058	918
40.7919118	-73.9702847	1320
40.7907395	-73.9710243	451
40.7904116	-73.9725842	340
40.7903738	-73.9710666	211
40.789705	-73.9708981	963
40.7901758	-73.9719692	425
40.7893869	-73.9681978	837
40.7883021	-73.9675464	370
40.7888996	-73.9689712	900
40.7906477	-73.9672808	1016
40.7900175	-73.9677436	1400
40.7971467	-73.9330968	543
40.7965205	-73.9335576	588
40.7958675	-73.9340339	917
40.7951883	-73.934535	665
40.7955071	-73.9312887	466
40.7945389	-73.935007	733
40.794047	-73.9753264	1260
40.7933516	-73.9756382	1017
40.7927025	-73.9760698	775
40.7920934	-73.976578	541
40.7933387	-73.9736777	635
40.7927105	-73.9741348	1169
40.7920824	-73.9745921	438
40.7914548	-73.9750495	386
40.7927397	-73.9722559	912
40.7921115	-73.9727133	671
40.7914829	-73.9731712	671
40.7908562	-73.9736282	818
40.7955314	-73.9373129	925
40.7964953	-73.9396054	1048
40.7949036	-73.9377458	236
40.7942633	-73.9382316	980
40.7936418	-73.9386815	865
40.7930024	-73.9391502	237
40.7923717	-73.9396145	510
40.7946121	-73.9409883	824
40.7939747	-73.9414551	564
40.793339	-73.9419187	282
40.795885	-73.9400598	305
40.7952502	-73.9405361	700
40.7931178	-73.9691911	1582
40.792471	-73.9696662	1166
40.793798	-73.9686872	1825
40.7912752	-73.9668212	1138
40.7919238	-73.96635	1515
40.7924915	-73.9655849	1245
40.7931007	-73.9669944	395
40.7993038	-73.9421812	669
40.7986243	-73.9426818	557
40.800585	-73.9412458	628
40.7999565	-73.9417048	388
40.7999055	-73.939634	433
40.7992772	-73.9400943	487
40.7986236	-73.9405709	209
40.7979435	-73.9410692	207
40.7966715	-73.9419993	1290
40.798117	-73.9431069	364
40.7975104	-73.9439605	547
40.7974739	-73.942982	282
40.7967725	-73.9434809	336
40.7966533	-73.9442484	371
40.7965457	-73.9732002	688
40.7967286	-73.97693	17
40.7959294	-73.9737977	944
40.7953328	-73.9744446	611
40.7947295	-73.9749916	1048
40.7959457	-73.9717764	763
40.7952903	-73.9722526	1085
40.7946158	-73.9727451	498
40.7938055	-73.9728502	511
40.794111	-73.9735559	315
40.7953481	-73.9703557	636
40.7946916	-73.9708293	335
40.7940155	-73.9713243	650
40.7933665	-73.9717987	566
40.801266	-73.9428602	367
40.8019453	-73.9444726	479
40.801317	-73.9449313	276
40.8006377	-73.9433192	407
40.7999854	-73.9437958	831
40.7993	-73.9442981	445
40.8006639	-73.9454077	585
40.7999752	-73.9459115	640
40.7983913	-73.9449535	875
40.797472	-73.9456344	855
40.7994334	-73.9463911	800
40.7987133	-73.9467325	425
40.798086	-73.947389	850
40.7941503	-73.9647403	1168
40.7950993	-73.9677482	1882
40.7932224	-73.9654054	1140
40.7999139	-73.9475542	333
40.800266	-73.948389	385
40.7995419	-73.9484479	402
40.7990102	-73.94934	426
40.7986401	-73.948472	340
40.7984713	-73.9501546	601
40.797888	-73.9506685	1423
40.8004222	-73.9499329	1092
40.7995732	-73.9509382	363
40.7993655	-73.9501651	336
40.7990866	-73.9714428	668
40.798492	-73.9719817	1038
40.7978727	-73.9724357	1092
40.797207	-73.9727869	930
40.7984564	-73.9699392	455
40.7978298	-73.9704001	432
40.7972073	-73.9708602	841
40.7965785	-73.9713167	819
40.79786	-73.9685195	744
40.7972384	-73.9689764	736
40.79661	-73.9694262	517
40.7959795	-73.9698979	702
40.7981216	-73.9354081	778
40.7974938	-73.9358673	148
40.7968413	-73.936344	806
40.7961556	-73.9368475	906
40.7978133	-73.9386497	687
40.797126	-73.9391456	977
40.7990947	-73.9377121	1016
40.798466	-73.9381714	690
40.7980119	-73.9610057	299
40.7973598	-73.9614822	610
40.796726	-73.9619328	559
40.7961002	-73.9623939	758
40.7954712	-73.9628527	608
40.7948283	-73.9633304	811
40.7973151	-73.963369	608
40.7963618	-73.9640679	895
40.7954057	-73.9647156	606
40.7986124	-73.9624225	697
40.7979513	-73.9629077	470
40.7995006	-73.9645371	995
40.7988402	-73.9650097	757
40.7981317	-73.9658434	926
40.7973881	-73.9653021	989
40.7966923	-73.9665461	959
40.8029642	-73.9468896	970
40.8023363	-73.9473482	340
40.8016824	-73.9478237	783
40.8009937	-73.9483213	990
40.8016115	-73.9695579	600
40.8009608	-73.970026	868
40.800334	-73.9704847	886
40.7997028	-73.9709429	943
40.8010883	-73.9683815	390
40.8003849	-73.9686915	749
40.7997271	-73.9690606	703
40.7990893	-73.9694872	921
40.8005286	-73.9669404	754
40.7998059	-73.9672609	777
40.7991368	-73.9676343	614
40.7984895	-73.9680624	602
40.7977897	-73.9326311	364
40.7993689	-73.9290619	2
40.7999784	-73.9313586	826
40.7989441	-73.9321978	1039
40.7989094	-73.9306273	495
40.7982158	-73.9300016	235
40.7976239	-73.9303433	292
40.7980541	-73.9313581	331
40.8005688	-73.9591683	602
40.7999684	-73.9595728	728
40.7993392	-73.9600301	851
40.7986846	-73.9605076	674
40.7999362	-73.9614512	702
40.7992845	-73.9619265	722
40.8011834	-73.9605667	490
40.8005648	-73.9609916	472
40.8020776	-73.9626738	1293
40.8014577	-73.9631098	1057
40.8008276	-73.9635671	328
40.8001758	-73.9640432	1090
40.8002736	-73.933807	2666
40.7987532	-73.9349343	630
40.7997233	-73.9372525	134
40.8009656	-73.9363014	638
40.8003472	-73.9367771	291
40.8022274	-73.9353995	405
40.8015937	-73.9358417	1794
40.8041507	-73.9676407	567
40.8035678	-73.968127	967
40.8029483	-73.9685923	476
40.8022934	-73.969072	783
40.8018373	-73.9681088	2
40.8027646	-73.9642955	181
40.8033613	-73.9657174	1373
40.8026535	-73.9659459	1132
40.8020008	-73.9663336	1278
40.8012864	-73.966644	1438
40.8030999	-73.9394096	526
40.8024713	-73.9398677	1234
40.8017928	-73.9382577	255
40.8010207	-73.9383836	3
40.8013625	-73.9391811	141
40.8018425	-73.9403255	216
40.8012135	-73.9407859	455
40.8005339	-73.9391753	218
40.8043728	-73.9363726	139
40.8050518	-73.9379816	33
40.8043782	-73.9384747	328
40.8037272	-73.9389512	180
40.8030478	-73.9373411	120
40.8024203	-73.9377992	83
40.8060554	-73.9583143	2
40.8047673	-73.9612224	30
40.8034298	-73.9617966	600
40.8031561	-73.962487	9
40.803109	-73.9572825	654
40.8024814	-73.9577375	298
40.801851	-73.9581923	598
40.8012279	-73.9587014	540
40.8057332	-73.9395952	130
40.8064128	-73.9412093	104
40.8057398	-73.9417045	454
40.80506	-73.9400968	85
40.8044119	-73.9405846	284
40.8037896	-73.9410451	276
40.8031631	-73.9415077	49
40.8018986	-73.9424048	425
40.8025756	-73.9440188	105
40.8044813	-73.943666	2
40.8068156	-73.9660646	911
40.8061328	-73.9663913	1070
40.8054666	-73.9667593	538
40.8047965	-73.9671711	944
40.8057959	-73.9636597	1760
40.8051689	-73.9641183	1714
40.8045413	-73.9645727	1525
40.8034138	-73.9638879	31
40.8040135	-73.9653107	1571
40.8045471	-73.9467474	262
40.8037535	-73.9462713	399
40.8034717	-73.9465574	437
40.8074307	-73.9436267	211
40.8067575	-73.944121	431
40.8064295	-73.9453732	334
40.8058017	-73.9458413	334
40.8051762	-73.9462966	173
40.8071202	-73.9597307	1054
40.806128	-73.9604482	613
40.8054386	-73.9608648	64
40.805716	-73.9553712	516
40.8050637	-73.9558475	497
40.804388	-73.9563422	463
40.8037357	-73.9568205	661
40.8049509	-73.9576388	420
40.8042184	-73.9578757	223
40.8063122	-73.9567952	552
40.8056585	-73.9572624	533
40.8109187	-73.9599215	1497
40.8102725	-73.9603932	384
40.8067589	-73.9629498	1752
40.8104302	-73.9660222	23
40.8117871	-73.9630593	193
40.8113916	-73.9620841	138
40.8094711	-73.9635034	880
40.8096116	-73.9646869	1355
40.8080971	-73.965167	1698
40.8074667	-73.9656838	1035
40.8101912	-73.9384499	449
40.8089306	-73.939371	226
40.8083067	-73.9398262	324
40.8076844	-73.9402827	245
40.8070613	-73.9407365	379
40.8095161	-73.9368463	250
40.8088764	-73.9372998	254
40.8082512	-73.937758	111
40.8076273	-73.9382141	514
40.806382	-73.9391235	190
40.8087027	-73.9586114	777
40.8080865	-73.9590274	967
40.8100239	-73.9578493	537
40.8093502	-73.9582018	1048
40.8112063	-73.9408655	769
40.8105749	-73.9413331	627
40.8100134	-73.9415629	223
40.8098601	-73.9421018	808
40.8093259	-73.942244	818
40.8087028	-73.9427	747
40.80808	-73.943156	599
40.812657	-73.9549825	683
40.8114075	-73.9530604	234
40.8107361	-73.953464	112
40.8106823	-73.9541817	2
40.8100827	-73.9540358	403
40.8122398	-73.9565134	1274
40.81125	-73.9554903	640
40.811305	-73.9571352	325
40.8157094	-73.9348678	602
40.8146945	-73.9353107	442
40.8135899	-73.9353306	375
40.8138733	-73.9358761	184
40.8140141	-73.9363954	368
40.813081	-73.9370615	349
40.8127361	-73.9362578	329
40.8125306	-73.935145	518
40.8114626	-73.9375198	1553
40.8107669	-73.9359825	1917
40.8145519	-73.9624289	5
40.8140349	-73.9613651	1692
40.8162564	-73.9596479	1330
40.8146533	-73.9596954	988
40.8129951	-73.9608703	768
40.8144251	-73.9587336	647
40.813904	-73.9592136	577
40.8138378	-73.9578924	1258
40.8133839	-73.9569144	576
40.8120909	-73.9576717	615
40.8126635	-73.9590562	1099
40.8115306	-73.9594313	775
40.8156686	-73.9376004	807
40.8150352	-73.9380664	1196
40.814412	-73.9385302	57
40.8137609	-73.938999	3
40.8118332	-73.9404308	790
40.8127617	-73.9387257	406
40.8134481	-73.9403342	385
40.8124389	-73.9399695	768
40.8167396	-73.9531635	1005
40.8157386	-73.953625	430
40.8150431	-73.9539045	207
40.8143366	-73.9541643	318
40.8136079	-73.9543294	173
40.8127379	-73.9540228	172
40.8142916	-73.9520534	1121
40.8135916	-73.9523147	773
40.8124678	-73.9516013	341
40.8128838	-73.9525511	385
40.8120548	-73.9525643	694
40.8192147	-73.9354984	35
40.8181638	-73.935738	214
40.8171735	-73.9354056	2
40.8162527	-73.9360647	1170
40.8172269	-73.9374613	1580
40.8126362	-73.9500892	110
40.8120354	-73.9506048	71
40.8114367	-73.9511283	214
40.8157819	-73.947886	618
40.8145306	-73.9486774	1503
40.8132634	-73.9495873	552
40.8007755	-73.9516936	702
40.8000456	-73.9518913	486
40.7986953	-73.952302	6
40.7991722	-73.9537616	816
40.799869	-73.9535325	957
40.8013287	-73.9531261	503
40.8006005	-73.953329	559
40.8022017	-73.955127	660
40.8015734	-73.9555866	720
40.8009447	-73.9560447	1144
40.8003231	-73.9564535	1003
40.8195782	-73.9477437	4
40.8162583	-73.9512586	2
40.8036135	-73.9503798	622
40.8029609	-73.9508559	791
40.802258	-73.9512674	812
40.8020416	-73.9529233	60
40.8015005	-73.9514904	541
40.8034778	-73.9541905	1295
40.8028294	-73.9546765	704
40.8044429	-73.9522627	302
40.8049938	-73.9536977	427
40.8042271	-73.9539049	1063
40.8190907	-73.9576764	195
40.8184662	-73.958132	53
40.8157175	-73.9576557	467
40.8145453	-73.9566971	523
40.8184598	-73.9538521	820
40.8185253	-73.954742	568
40.8177297	-73.9544428	1149
40.8170537	-73.9547166	590
40.8164128	-73.9551557	550
40.8169978	-73.9565661	553
40.8160183	-73.9561823	530
40.8150459	-73.9559369	25
40.8061266	-73.9485482	199
40.8054996	-73.949004	558
40.8048707	-73.9494631	587
40.8042424	-73.9499226	539
40.8058946	-73.951852	584
40.8076467	-73.9529537	1
40.807133	-73.9530978	4
40.8064438	-73.9532901	276
40.8057218	-73.953491	505
40.8051659	-73.952057	475
40.807323	-73.9513814	1126
40.8066269	-73.9516499	516
40.8207513	-73.9458083	289
40.8200975	-73.9461934	289
40.819448	-73.9465778	205
40.8190262	-73.9456039	332
40.8196508	-73.9451488	247
40.8184027	-73.9460606	208
40.8177783	-73.9465182	159
40.8175126	-73.9477277	12
40.8164622	-73.9474841	434
40.8099073	-73.9495026	66
40.809233	-73.9499961	28
40.8085789	-73.9504732	670
40.8079514	-73.950931	660
40.8087075	-73.9466594	101
40.8080346	-73.9471525	1
40.8073818	-73.9476279	573
40.8067537	-73.9480885	545
40.8191618	-73.9538466	1425
40.8198547	-73.9534199	2475
40.8221356	-73.9549206	952
40.8215272	-73.9554272	1373
40.8209192	-73.9559792	1692
40.820002	-73.9569018	3385
40.8112198	-73.9448204	702
40.8106005	-73.9452801	786
40.8099771	-73.9457239	357
40.8093606	-73.9461903	475
40.8105593	-73.9490264	110
40.8127724	-73.9464411	504
40.8124746	-73.947308	638
40.813107	-73.9484924	554
40.8113575	-73.9476491	1130
40.8118847	-73.9493291	635
40.8111137	-73.9485053	536
40.8240573	-73.9552863	2
40.8246044	-73.9530612	1268
40.8240031	-73.9535611	1116
40.8233928	-73.9540502	1171
40.8227765	-73.9545006	1430
40.8237875	-73.9510759	573
40.8232404	-73.9517055	550
40.8226943	-73.9523313	460
40.8221501	-73.9529578	300
40.823164	-73.9496863	404
40.82262	-73.9503105	645
40.8220745	-73.950937	892
40.8215284	-73.9515667	1338
40.813724	-73.942999	861
40.8133902	-73.9438719	363
40.8127921	-73.9429975	232
40.8124774	-73.94391	429
40.8118466	-73.9443765	264
40.8149196	-73.9458407	260
40.8143242	-73.9466381	370
40.8142586	-73.9458251	469
40.8136655	-73.9467615	530
40.8246072	-73.9471599	203
40.8239612	-73.9476332	253
40.8233382	-73.9480864	315
40.8227122	-73.9485433	263
40.8220892	-73.9490018	525
40.8229913	-73.9459668	676
40.8228623	-73.946988	477
40.8226719	-73.9439201	438
40.8224545	-73.9449603	1714
40.816315	-73.9411061	1007
40.8156883	-73.9415591	853
40.8150407	-73.9420342	790
40.8146075	-73.9430843	282
40.8140071	-73.9416626	297
40.8162402	-73.9448785	646
40.8155678	-73.9453672	366
40.817513	-73.9439485	491
40.8168882	-73.9444049	516
40.8270626	-73.9509462	306
40.8264143	-73.9514821	807
40.8237025	-73.9490712	174
40.8243398	-73.9504502	1249
40.8261683	-73.948785	1013
40.8254959	-73.9492738	1497
40.8248894	-73.9498236	1559
40.8257832	-73.9519709	910
40.8251841	-73.952503	785
40.8182904	-73.938059	182
40.8188919	-73.9394809	1157
40.8175664	-73.9401924	427
40.8169384	-73.940642	970
40.8187599	-73.9430391	1135
40.8181362	-73.9434928	295
40.8200072	-73.9421269	1291
40.8193828	-73.94258	1296
40.8181889	-73.9397401	1353
40.8254649	-73.94314	1912
40.8277974	-73.9448249	303
40.8271742	-73.9452832	624
40.8265507	-73.9457401	391
40.8259257	-73.9461962	442
40.8252779	-73.9466683	347
40.8272414	-73.9435302	420
40.8265856	-73.9439035	268
40.8259517	-73.9443162	391
40.8253267	-73.9447719	301
40.8246775	-73.9452441	466
40.8213728	-73.9374112	664
40.8207028	-73.9379006	468
40.8200547	-73.9383711	1135
40.8194298	-73.9388281	1239
40.821253	-73.9412154	706
40.8206311	-73.9416729	1177
40.8225724	-73.9402507	1564
40.821901	-73.9407436	1027
40.8296012	-73.9491265	782
40.8289564	-73.9495197	727
40.8283251	-73.9499533	255
40.827701	-73.9504109	377
40.8286881	-73.9469423	979
40.8280645	-73.9473991	1127
40.8274394	-73.9478531	1518
40.8268161	-73.9483103	762
40.8250762	-73.9383761	1163
40.8258493	-73.9396043	5
40.8244728	-73.9388665	1130
40.8238463	-73.93932	685
40.8232208	-73.939778	1305
40.822024	-73.9369496	177
40.8299811	-73.9411307	669
40.828937	-73.9416849	166
40.8282746	-73.9420534	183
40.8278505	-73.943105	172
40.8284692	-73.9409457	2191
40.8289502	-73.9436665	365
40.8283962	-73.9442822	460
40.8308732	-73.9423793	797
40.8301807	-73.9427494	583
40.829514	-73.943118	418
40.8290969	-73.9381481	361
40.828423	-73.9385518	228
40.8277715	-73.9389669	389
40.8271429	-73.9394167	431
40.8265203	-73.9398717	410
40.8283556	-73.9363592	32
40.8278136	-73.9370982	476
40.8272875	-73.937777	482
40.8267652	-73.9384428	305
40.8262565	-73.9390878	52
40.8266738	-73.9363883	280
40.8261378	-73.9370415	458
40.8256116	-73.9377308	799
40.825069	-73.9353671	380
40.8221782	-73.9357045	3140
40.8299352	-73.9460302	1464
40.8293117	-73.9464878	1321
40.8309394	-73.9484043	1253
40.8302646	-73.9487391	874
40.8315189	-73.944874	3
40.831695	-73.9482198	1127
40.8312991	-73.9495578	81
40.8305604	-73.9455759	688
40.7615695	-73.9497354	1199
40.7630141	-73.9485461	392
40.7606576	-73.9507397	377
40.7598273	-73.9520973	685
40.7585544	-73.9533913	1188
40.7619888	-73.9504968	4970
40.754722	-73.9564739	912
40.7703819	-73.9421383	1905
40.7690725	-73.9443271	3
40.7664291	-73.9463348	23
40.7636889	-73.9488749	7
40.8332228	-73.9399538	414
40.8325666	-73.9403206	326
40.8314171	-73.9407298	250
40.8336111	-73.9409339	507
40.8329453	-73.9412923	480
40.8318882	-73.9418377	394
40.7897009	-73.9286179	1303
40.790193	-73.9214792	345
40.8347987	-73.9459383	181
40.8352031	-73.9478174	1653
40.8342627	-73.9463721	1240
40.8336285	-73.9468878	294
40.8339223	-73.9451927	11
40.8325031	-73.9441598	1196
40.8331498	-73.9436838	1638
40.8337729	-73.9432282	1429
40.8081987	-73.9356904	532
40.8075701	-73.9361433	323
40.806947	-73.9365991	532
40.805652	-73.9354272	13
40.8063231	-73.9370522	490
40.8056997	-73.9375077	669
40.8050205	-73.9358992	167
40.8027219	-73.9321507	322
40.8028887	-73.93494	348
40.8371967	-73.9377316	688
40.836469	-73.9381616	799
40.8357111	-73.938597	681
40.8351323	-73.9392687	159
40.8345318	-73.9395285	115
40.8338644	-73.9395012	693
40.8378745	-73.9392442	545
40.8371333	-73.9395511	266
40.8295107	-73.9359807	166
40.8303752	-73.938514	2273
40.8344363	-73.935997	2596
40.8316695	-73.937431	2335
40.8384611	-73.9406716	923
40.8377112	-73.9409855	1258
40.8392653	-73.9423619	1262
40.8384757	-73.9427558	1036
40.8378164	-73.9431225	972
40.8371564	-73.94349	598
40.8369866	-73.941205	1511
40.8362732	-73.9414146	1058
40.8349223	-73.9401815	261
40.8356452	-73.9418623	1669
40.8364962	-73.9438538	802
40.8358472	-73.9441658	99
40.8342671	-73.940553	357
40.835023	-73.9423179	1276
40.8343979	-73.9427723	1852
40.836545	-73.9471133	1087
40.835915	-73.9453189	1598
40.8372493	-73.945676	1532
40.8378579	-73.9452171	1590
40.839725	-73.9442628	308
40.83851	-73.944789	959
40.8402328	-73.9360824	298
40.8385265	-73.9370703	458
40.8378544	-73.937332	345
40.8419319	-73.9408414	389
40.8402645	-73.9399946	3
40.839292	-73.9382849	300
40.8386464	-73.9386938	556
40.8404795	-73.9374142	727
40.8398872	-73.9378546	551
40.8429324	-73.93563	919
40.8423135	-73.9360829	906
40.8435258	-73.9370541	818
40.8429078	-73.9375047	993
40.8416923	-73.9365294	1140
40.8410795	-73.9369839	894
40.8440795	-73.9383363	527
40.8434094	-73.9386431	84
40.8421273	-73.9391577	1
40.8416773	-73.9384104	212
40.8422902	-73.9379566	586
40.8446645	-73.9397978	1017
40.8439691	-73.9400369	1040
40.8432751	-73.9403063	1173
40.842584	-73.9405608	926
40.8421371	-73.9447349	1
40.8466856	-73.9426668	451
40.8426274	-73.9433104	1435
40.8476137	-73.9401079	241
40.847854	-73.9413387	669
40.8466137	-73.9412175	284
40.8454236	-73.941563	983
40.8446763	-73.9416806	714
40.8440074	-73.9419738	588
40.8433446	-73.9423208	405
40.8108063	-73.9516355	108
40.8094496	-73.9524608	370
40.8096096	-73.9532229	2
40.8089522	-73.9534019	314
40.8094556	-73.9545028	255
40.808138	-73.952818	3
40.8082395	-73.9536104	261
40.808825	-73.9549588	217
40.8081973	-73.9554173	340
40.8076007	-73.9539946	409
40.806973	-73.9544547	541
40.806941	-73.9563382	591
40.8063451	-73.9549135	465
40.8258969	-73.9403252	373
40.8252752	-73.9407797	380
40.8246532	-73.9412353	417
40.8240268	-73.9416987	379
40.8233767	-73.9421729	399
40.8227174	-73.942693	256
40.822092	-73.9432102	399
40.8214898	-73.9437137	492
40.8208839	-73.944218	401
40.845476	-73.9356282	1078
40.8448173	-73.9361119	638
40.8441688	-73.9365847	881
40.846748	-73.9347012	983
40.8461233	-73.9351548	597
40.8475491	-73.9341226	821
40.8472213	-73.9343467	861
40.8474203	-73.9323501	756
40.8480188	-73.9337718	760
40.8461508	-73.933278	907
40.8455274	-73.933728	917
40.8448816	-73.9342063	1052
40.8442132	-73.9346846	960
40.8435725	-73.9351719	876
40.8485723	-73.9350831	403
40.8490302	-73.936231	391
40.8477641	-73.9356663	1543
40.8473008	-73.9360129	792
40.8466763	-73.9364679	687
40.8460277	-73.9369432	516
40.8453679	-73.9374197	470
40.8447162	-73.9378892	653
40.84671	-73.9391236	769
40.8460312	-73.9393003	770
40.8453768	-73.9395679	323
40.8478126	-73.9372223	654
40.8471469	-73.9375961	139
40.8473835	-73.9388952	619
40.8507634	-73.9399259	641
40.8499521	-73.9402261	365
40.8489663	-73.9381316	11
40.849006	-73.9400855	1
40.8489946	-73.9418898	145
40.8483448	-73.9398305	459
40.8485158	-73.94076	297
40.8481216	-73.9386125	936
40.8508148	-73.9408961	245
40.8507777	-73.9421575	687
40.8501781	-73.9373105	1424
40.8494533	-73.9377711	843
40.850569	-73.9389595	543
40.8497506	-73.9392885	424
40.8519278	-73.9276419	464
40.8512865	-73.9278443	628
40.8497144	-73.9290776	1081
40.8524816	-73.9286488	924
40.8518293	-73.9291282	610
40.8511543	-73.9296402	332
40.8505126	-73.9301192	362
40.8499134	-73.9305428	811
40.8493098	-73.9309657	158
40.8487146	-73.9314003	301
40.8480803	-73.9318663	293
40.8499077	-73.9323902	377
40.849315	-73.9328238	272
40.8486799	-73.9332885	413
40.8517445	-73.9310482	692
40.8511023	-73.9315181	650
40.8505078	-73.9319523	584
40.8530806	-73.930071	845
40.8524277	-73.9305487	804
40.8529807	-73.931861	445
40.8522968	-73.9323604	760
40.8516545	-73.9328301	510
40.8510596	-73.9332656	655
40.8504592	-73.9337022	422
40.8498685	-73.9341382	275
40.849233	-73.9346015	400
40.8531941	-73.9333808	482
40.8521605	-73.9340256	336
40.8515366	-73.9344003	379
40.8509182	-73.9347852	146
40.8503046	-73.9351683	304
40.8496639	-73.9356543	240
40.8538392	-73.9344181	321
40.8527687	-73.9349537	400
40.8512568	-73.9357194	586
40.8541925	-73.9355348	856
40.8530991	-73.9359099	679
40.8582045	-73.9353765	138
40.8562302	-73.9367935	708
40.8543488	-73.9376283	813
40.853445	-73.9368981	1196
40.8530727	-73.9390416	1474
40.8516338	-73.9385232	770
40.8515352	-73.9365699	841
40.8513946	-73.9375883	430
40.856582	-73.9376566	631
40.855286	-73.9386325	453
40.8530659	-73.9402851	1762
40.8561188	-73.9263065	785
40.857297	-73.9276589	237
40.8537193	-73.9277455	684
40.8531067	-73.9281926	299
40.8543158	-73.9291681	807
40.8537048	-73.9296153	814
40.8555785	-73.9282459	1015
40.85494	-73.9287114	910
40.85673	-73.9275077	545
40.856204	-73.9277897	990
40.8560496	-73.933508	561
40.8548949	-73.9339714	359
40.8564674	-73.9289364	118
40.8560979	-73.9295055	816
40.8554918	-73.9300214	633
40.8548688	-73.9304793	726
40.8542565	-73.930928	702
40.8536322	-73.9313834	566
40.8555351	-73.9322064	1296
40.8546817	-73.9319236	451
40.8587114	-73.932136	543
40.8573097	-73.9328645	795
40.8571031	-73.928649	1399
40.8552923	-73.931484	357
40.8566738	-73.9292663	970
40.8560123	-73.9358098	761
40.8565244	-73.9346768	2106
40.8574539	-73.9317358	754
40.8584485	-73.9288777	3328
40.8598274	-73.9283744	407
40.8594769	-73.9293825	820
40.8592189	-73.9305564	227
40.8607184	-73.9263004	853
40.8591003	-73.9285741	1238
40.8624018	-73.9258235	717
40.8620972	-73.9267161	1616
40.8617953	-73.9275463	1817
40.8611866	-73.9298095	789
40.8601506	-73.9299418	483
40.861436	-73.9285067	1794
40.8661352	-73.9288285	79
40.8671027	-73.9301752	277
40.8666062	-73.9296003	349
40.8638477	-73.9290956	718
40.8629517	-73.9290246	726
40.8643535	-73.9270702	838
40.8639776	-73.9279175	1048
40.8652332	-73.9231336	2041
40.866194	-73.9237523	984
40.8633266	-73.9216915	1222
40.8629941	-73.9226437	418
40.8654361	-73.9258371	241
40.8644679	-73.9251933	1396
40.8634936	-73.9245734	1711
40.8624885	-73.9239348	1962
40.8642575	-73.922509	1313
40.866983	-73.9182195	1236
40.8676577	-73.9191277	212
40.8655662	-73.9190058	518
40.8639622	-73.9200817	1450
40.8668819	-73.9218614	610
40.8659298	-73.9212476	1319
40.8674561	-73.9202116	841
40.8665363	-73.9196047	1071
40.8649545	-73.920623	1776
40.8683253	-73.9253405	1093
40.8670676	-73.9275497	777
40.8668336	-73.9259133	875
40.8662332	-73.9269818	527
40.8677999	-73.9247691	1067
40.8670761	-73.924312	843
40.8690731	-73.9229614	405
40.8684837	-73.9228824	641
40.8677562	-73.922418	713
40.872064	-73.9230395	161
40.8622642	-73.9213089	437
40.8617542	-73.9226647	322
40.8610328	-73.9218477	397
40.8603474	-73.9224153	392
40.8612998	-73.9233647	436
40.8607613	-73.9237282	384
40.8597479	-73.9229504	394
40.8637417	-73.9182422	89
40.8631042	-73.918681	641
40.8625031	-73.9191595	126
40.8618599	-73.9196206	216
40.8693802	-73.9158884	171
40.8683008	-73.9172396	881
40.8678098	-73.9180198	394
40.8691687	-73.9188607	235
40.86833	-73.9207417	304
40.869146	-73.9212388	413
40.8716275	-73.9191794	327
40.8709552	-73.9185903	444
40.8702857	-73.9178436	85
40.8696214	-73.9170838	499
40.8706173	-73.9155949	746
40.8715845	-73.9160234	320
40.8709082	-73.9168834	731
40.8717489	-73.9174721	716
40.8722985	-73.9183842	921
40.8767497	-73.9083083	355
40.8749059	-73.9076024	2412
40.8767445	-73.9076339	333
40.8747242	-73.9087097	91
40.8751917	-73.9096694	560
40.8754339	-73.9108279	708
40.8772216	-73.9097822	283
40.8764383	-73.9090665	605
40.8763245	-73.9102679	401
40.8762062	-73.9114523	945
40.8774951	-73.9120597	243
40.8769676	-73.9116515	646
40.8753445	-73.9126503	881
40.839244	-73.9347157	2
40.718053	-74.016843	644
40.7129024	-74.0153782	2926
40.7176395	-74.0148537	911
40.7170456	-74.0135231	427
40.7167687	-74.0155824	2355
40.7156816	-74.0161187	446
40.7106164	-74.0153155	1091
40.7110906	-74.0170402	9
40.709905	-74.0174882	698
40.7090321	-74.0179053	580
40.7093156	-74.0173093	6
40.7090954	-74.0156711	419
40.7090819	-74.0164479	12
40.7072102	-74.0164608	695
40.7065542	-74.0181344	1416
40.7061296	-74.0169535	556
40.705391	-74.0171698	195
40.7028764	-74.0148971	10
40.7025829	-74.0167146	1
